The operator was: peter
The sample measure was: Cable
The sample was biased using: 10E-3 Amps
Comments:
test run to see how the program works

Tbefore	        I+	        V+	        I-	        V-	        Tafter	        Tbase	        Time
7.730200E+1	9.997530E-3	5.865100E-5	-1.000330E-2	9.801390E-5	7.730100E+1	8.615500E+1	2.700000E+1
7.729800E+1	9.997500E-3	6.184580E-5	-1.000330E-2	1.022820E-4	7.729400E+1	8.613200E+1	3.103000E+1
7.729100E+1	9.997490E-3	6.511210E-5	-1.000340E-2	1.035930E-4	7.728900E+1	8.614200E+1	3.498600E+1
7.728400E+1	9.997550E-3	5.955700E-5	-1.000330E-2	9.770390E-5	7.728000E+1	8.616000E+1	3.898800E+1
7.727900E+1	9.997530E-3	5.519390E-5	-1.000330E-2	9.596350E-5	7.727600E+1	8.619500E+1	4.302800E+1
7.761900E+1	9.997550E-3	5.283360E-5	-1.000340E-2	9.114740E-5	7.946800E+1	8.730200E+1	4.598600E+1
8.046500E+1	9.997420E-3	5.652900E-5	-1.000340E-2	7.588860E-5	8.136800E+1	8.777700E+1	4.998700E+1
8.213500E+1	9.997310E-3	3.523830E-5	-1.000350E-2	6.778240E-5	8.291400E+1	8.812200E+1	5.399900E+1
8.362100E+1	9.997340E-3	2.548690E-5	-1.000340E-2	6.089210E-5	8.435700E+1	8.891300E+1	5.801500E+1
8.501900E+1	9.997350E-3	1.363750E-5	-1.000350E-2	4.122260E-5	8.570600E+1	8.939200E+1	6.198600E+1
8.631900E+1	9.997350E-3	3.433230E-6	-1.000340E-2	3.755090E-5	8.696100E+1	8.988000E+1	6.598700E+1
8.753800E+1	9.997350E-3	1.192090E-7	-1.000340E-2	4.193780E-5	8.813500E+1	9.039100E+1	6.998600E+1
8.868500E+1	9.997450E-3	4.005430E-6	-1.000340E-2	4.289150E-5	8.925700E+1	9.081600E+1	7.401700E+1
8.977800E+1	9.997430E-3	1.025200E-5	-1.000330E-2	5.221370E-5	9.032800E+1	9.120300E+1	7.798600E+1
9.082900E+1	9.997390E-3	2.036090E-5	-1.000340E-2	6.587510E-5	9.135600E+1	9.160800E+1	8.198600E+1
9.184200E+1	9.997420E-3	4.255770E-5	-1.000350E-2	9.284020E-5	9.235900E+1	9.206400E+1	8.598800E+1
9.283200E+1	9.997290E-3	5.214210E-5	-1.000350E-2	9.603500E-5	9.332700E+1	9.253800E+1	9.001700E+1
9.378800E+1	9.997390E-3	5.209450E-5	-1.000350E-2	9.498600E-5	9.427600E+1	9.302800E+1	9.398600E+1
9.471800E+1	9.997390E-3	4.444120E-5	-1.000360E-2	8.308890E-5	9.519400E+1	9.352900E+1	9.798700E+1
9.563500E+1	9.997490E-3	3.128050E-5	-1.000350E-2	5.555150E-5	9.609400E+1	9.403600E+1	1.019880E+2
9.652200E+1	9.997460E-3	1.056190E-5	-1.000350E-2	3.719330E-5	9.697300E+1	9.454100E+1	1.060160E+2
9.739300E+1	9.997410E-3	2.124310E-5	-1.000340E-2	-9.536740E-7	9.783700E+1	9.505700E+1	1.099870E+2
9.824600E+1	9.997420E-3	3.583430E-5	-1.000340E-2	-1.785760E-5	9.868200E+1	9.558300E+1	1.139860E+2
9.908800E+1	9.997480E-3	3.690720E-5	-1.000340E-2	-2.057550E-5	9.950800E+1	9.612700E+1	1.179860E+2
9.990200E+1	9.997440E-3	4.258160E-5	-1.000350E-2	-1.595020E-5	1.003180E+2	9.669000E+1	1.220160E+2
1.007080E+2	9.997410E-3	4.746910E-5	-1.000360E-2	-1.468660E-5	1.011180E+2	9.726400E+1	1.260000E+2
1.014980E+2	9.997420E-3	5.021100E-5	-1.000360E-2	-1.199250E-5	1.019040E+2	9.785000E+1	1.299870E+2
1.022770E+2	9.997440E-3	6.248950E-5	-1.000340E-2	-1.907350E-7	1.026770E+2	9.844100E+1	1.339870E+2
1.030470E+2	9.997520E-3	8.113380E-5	-1.000350E-2	1.647470E-5	1.034350E+2	9.903200E+1	1.380170E+2
1.037970E+2	9.997440E-3	8.742810E-5	-1.000350E-2	2.284050E-5	1.041820E+2	9.962400E+1	1.419860E+2
1.045360E+2	9.997330E-3	9.739400E-5	-1.000350E-2	2.524850E-5	1.049210E+2	1.002140E+2	1.459870E+2
1.052690E+2	9.997300E-3	9.830000E-5	-1.000340E-2	2.975460E-5	1.056480E+2	1.007950E+2	1.499860E+2
1.059940E+2	9.997480E-3	1.022100E-4	-1.000340E-2	2.293590E-5	1.063630E+2	1.013840E+2	1.540160E+2
1.067030E+2	9.997430E-3	9.269710E-5	-1.000350E-2	1.342300E-5	1.070700E+2	1.019650E+2	1.579880E+2
1.074100E+2	9.997390E-3	8.723740E-5	-1.000350E-2	7.915500E-6	1.077720E+2	1.025500E+2	1.620000E+2
1.081040E+2	9.997410E-3	8.294580E-5	-1.000340E-2	2.238750E-5	1.084580E+2	1.031270E+2	1.659870E+2
1.087870E+2	9.997350E-3	7.154940E-5	-1.000350E-2	-5.793570E-6	1.091390E+2	1.037090E+2	1.700160E+2
1.094660E+2	9.997420E-3	6.005760E-5	-1.000340E-2	-1.945500E-5	1.098140E+2	1.042810E+2	1.739880E+2
1.101340E+2	9.997440E-3	6.432530E-5	-1.000330E-2	-2.126690E-5	1.104800E+2	1.048530E+2	1.779870E+2
1.107980E+2	9.997460E-3	6.158350E-5	-1.000330E-2	-2.226830E-5	1.111410E+2	1.054220E+2	1.819860E+2
1.114560E+2	9.997450E-3	5.743500E-5	-1.000350E-2	-2.489090E-5	1.117950E+2	1.059910E+2	1.860150E+2
1.121070E+2	9.997400E-3	4.856590E-5	-1.000340E-2	-3.247260E-5	1.124410E+2	1.065580E+2	1.899880E+2
1.127470E+2	9.997470E-3	5.164150E-5	-1.000340E-2	-3.042220E-5	1.130830E+2	1.071150E+2	1.939880E+2
1.133830E+2	9.997550E-3	5.071160E-5	-1.000340E-2	-2.739430E-5	1.137120E+2	1.076560E+2	1.980000E+2
1.140180E+2	9.997610E-3	5.950930E-5	-1.000330E-2	2.217290E-6	1.143450E+2	1.082200E+2	2.020190E+2
1.146450E+2	9.997570E-3	7.174010E-5	-1.000340E-2	-1.959800E-5	1.149720E+2	1.087660E+2	2.059870E+2
1.152680E+2	9.997560E-3	6.692410E-5	-1.000340E-2	-1.397130E-5	1.155940E+2	1.093120E+2	2.099870E+2
1.158980E+2	9.997490E-3	6.918910E-5	-1.000350E-2	-1.301770E-5	1.162160E+2	1.098550E+2	2.139880E+2
1.165130E+2	9.997550E-3	7.417200E-5	-1.000350E-2	-9.393690E-6	1.168310E+2	1.103850E+2	2.180160E+2
1.171290E+2	9.997440E-3	8.285050E-5	-1.000340E-2	-2.217290E-6	1.174410E+2	1.109150E+2	2.219880E+2
1.177370E+2	9.997480E-3	7.629390E-5	-1.000340E-2	-1.261230E-5	1.180480E+2	1.114440E+2	2.259870E+2
1.183420E+2	9.997420E-3	7.672310E-5	-1.000340E-2	-1.680850E-5	1.186490E+2	1.119790E+2	2.299870E+2
1.189380E+2	9.997430E-3	6.606580E-5	-1.000340E-2	-2.491470E-5	1.192450E+2	1.125030E+2	2.340150E+2
1.195320E+2	9.997440E-3	6.334780E-5	-1.000350E-2	-2.090930E-5	1.198400E+2	1.130300E+2	2.379870E+2
1.201240E+2	9.997430E-3	5.519390E-5	-1.000340E-2	-3.898140E-5	1.204260E+2	1.135520E+2	2.419880E+2
1.207100E+2	9.997510E-3	5.383490E-5	-1.000340E-2	-3.466610E-5	1.210120E+2	1.140730E+2	2.459880E+2
1.212910E+2	9.997570E-3	5.595680E-5	-1.000330E-2	-3.380780E-5	1.215940E+2	1.145900E+2	2.500150E+2
1.218730E+2	9.997520E-3	5.414490E-5	-1.000320E-2	-3.752710E-5	1.221690E+2	1.151080E+2	2.539870E+2
1.224420E+2	9.997530E-3	5.514620E-5	-1.000340E-2	-3.671650E-5	1.227400E+2	1.156340E+2	2.579880E+2
1.230160E+2	9.997480E-3	5.750660E-5	-1.000340E-2	-3.218650E-5	1.233130E+2	1.161490E+2	2.619890E+2
1.235850E+2	9.997630E-3	5.807880E-5	-1.000350E-2	-3.025530E-5	1.238740E+2	1.166680E+2	2.660150E+2
1.241490E+2	9.997450E-3	6.830690E-5	-1.000340E-2	-2.417560E-5	1.244360E+2	1.171840E+2	2.700000E+2
1.247080E+2	9.997390E-3	7.684230E-5	-1.000350E-2	-1.869200E-5	1.249950E+2	1.176930E+2	2.739880E+2
1.252670E+2	9.997480E-3	9.171960E-5	-1.000340E-2	-5.698200E-6	1.255530E+2	1.182070E+2	2.779890E+2
1.258160E+2	9.997500E-3	9.555820E-5	-1.000340E-2	2.574920E-6	1.261020E+2	1.187190E+2	2.820160E+2
1.263660E+2	9.997480E-3	9.882450E-5	-1.000350E-2	5.197530E-6	1.266500E+2	1.192280E+2	2.859880E+2
1.269140E+2	9.997510E-3	1.041410E-4	-1.000340E-2	4.148480E-6	1.271960E+2	1.197350E+2	2.899880E+2
1.274540E+2	9.997440E-3	1.050710E-4	-1.000350E-2	1.134870E-5	1.277390E+2	1.202390E+2	2.939880E+2
1.279990E+2	9.997440E-3	1.074790E-4	-1.000350E-2	1.163480E-5	1.282790E+2	1.207420E+2	2.980150E+2
1.285390E+2	9.997400E-3	1.037600E-4	-1.000350E-2	1.022820E-5	1.288140E+2	1.212410E+2	3.019880E+2
1.290730E+2	9.997460E-3	1.033310E-4	-1.000350E-2	6.318090E-6	1.293450E+2	1.217430E+2	3.060000E+2
1.296080E+2	9.997450E-3	9.896760E-5	-1.000360E-2	5.245210E-6	1.298740E+2	1.222470E+2	3.099870E+2
1.301360E+2	9.997330E-3	1.038070E-4	-1.000340E-2	8.273120E-6	1.304080E+2	1.227460E+2	3.140170E+2
1.306570E+2	9.997460E-3	1.050710E-4	-1.000330E-2	1.525880E-6	1.309320E+2	1.232370E+2	3.179890E+2
1.311830E+2	9.997430E-3	1.046420E-4	-1.000340E-2	3.957750E-6	1.314530E+2	1.237200E+2	3.219870E+2
1.317000E+2	9.997460E-3	1.087190E-4	-1.000350E-2	5.531310E-6	1.319750E+2	1.242140E+2	3.259880E+2
1.322220E+2	9.997390E-3	1.039740E-4	-1.000340E-2	6.914140E-7	1.324880E+2	1.247080E+2	3.300160E+2
1.327360E+2	9.997430E-3	9.448530E-5	-1.000340E-2	-7.963180E-6	1.330020E+2	1.251950E+2	3.339880E+2
1.332480E+2	9.997490E-3	9.591580E-5	-1.000340E-2	-1.161100E-5	1.335160E+2	1.256960E+2	3.379880E+2
1.337600E+2	9.997450E-3	8.978840E-5	-1.000360E-2	-1.070500E-5	1.340220E+2	1.261820E+2	3.420010E+2
1.342690E+2	9.997430E-3	9.109970E-5	-1.000340E-2	-1.206400E-5	1.345300E+2	1.266730E+2	3.460190E+2
1.347720E+2	9.997450E-3	9.009840E-5	-1.000330E-2	-1.232620E-5	1.350350E+2	1.271600E+2	3.499890E+2
1.352760E+2	9.997410E-3	9.255410E-5	-1.000340E-2	-7.009510E-6	1.355360E+2	1.276540E+2	3.539880E+2
1.357770E+2	9.997450E-3	9.539130E-5	-1.000330E-2	-8.606910E-6	1.360350E+2	1.281440E+2	3.579880E+2
1.362760E+2	9.997490E-3	9.613040E-5	-1.000340E-2	-1.311300E-5	1.365340E+2	1.286290E+2	3.620150E+2
1.367760E+2	9.997410E-3	8.435250E-5	-1.000350E-2	-1.578330E-5	1.370320E+2	1.291130E+2	3.659880E+2
1.372690E+2	9.997420E-3	8.347030E-5	-1.000340E-2	-2.360340E-5	1.375230E+2	1.296000E+2	3.699890E+2
1.377600E+2	9.997510E-3	8.251670E-5	-1.000340E-2	-2.322200E-5	1.380170E+2	1.300810E+2	3.739880E+2
1.382520E+2	9.997480E-3	7.412430E-5	-1.000330E-2	-3.883840E-5	1.385070E+2	1.305610E+2	3.780160E+2
1.387420E+2	9.997470E-3	6.177430E-5	-1.000340E-2	-3.931520E-5	1.389930E+2	1.310340E+2	3.819880E+2
1.392250E+2	9.997530E-3	5.879400E-5	-1.000340E-2	-4.782680E-5	1.394760E+2	1.315170E+2	3.859880E+2
1.397110E+2	9.997460E-3	6.151200E-5	-1.000340E-2	-4.737380E-5	1.399600E+2	1.319930E+2	3.899880E+2
1.401950E+2	9.997540E-3	6.248950E-5	-1.000330E-2	-4.239080E-5	1.404440E+2	1.324730E+2	3.940150E+2
1.406770E+2	9.997390E-3	6.914140E-5	-1.000350E-2	-3.321170E-5	1.409240E+2	1.329540E+2	3.979880E+2
1.411560E+2	9.997350E-3	8.387570E-5	-1.000360E-2	-1.587870E-5	1.414040E+2	1.334260E+2	4.019890E+2
1.416320E+2	9.997360E-3	1.009230E-4	-1.000350E-2	-7.653240E-6	1.418750E+2	1.339010E+2	4.059870E+2
1.421070E+2	9.997380E-3	1.072410E-4	-1.000340E-2	-5.054470E-6	1.423540E+2	1.343810E+2	4.100160E+2
1.425820E+2	9.997500E-3	1.044510E-4	-1.000350E-2	-3.075600E-6	1.428260E+2	1.348550E+2	4.140010E+2
1.430520E+2	9.997490E-3	1.079800E-4	-1.000350E-2	-3.361700E-6	1.432960E+2	1.353250E+2	4.179890E+2
1.435250E+2	9.997420E-3	1.073360E-4	-1.000350E-2	-2.980230E-6	1.437690E+2	1.358010E+2	4.219880E+2
1.439920E+2	9.997440E-3	1.081710E-4	-1.000350E-2	-2.622600E-6	1.442360E+2	1.362740E+2	4.260150E+2
1.444620E+2	9.997480E-3	1.048330E-4	-1.000340E-2	-5.221370E-6	1.447010E+2	1.367410E+2	4.299870E+2
1.449250E+2	9.997540E-3	9.973050E-5	-1.000330E-2	-1.418590E-5	1.451630E+2	1.372150E+2	4.339890E+2
1.453880E+2	9.997460E-3	9.663110E-5	-1.000350E-2	-1.654620E-5	1.456310E+2	1.376790E+2	4.379890E+2
1.458540E+2	9.997510E-3	9.846690E-5	-1.000340E-2	-2.167220E-5	1.460900E+2	1.381480E+2	4.420150E+2
1.463170E+2	9.997520E-3	1.004930E-4	-1.000340E-2	-2.052780E-5	1.465530E+2	1.386150E+2	4.459890E+2
1.467750E+2	9.997430E-3	8.847710E-5	-1.000340E-2	-2.112390E-5	1.470120E+2	1.390810E+2	4.500010E+2
1.472290E+2	9.997480E-3	8.211140E-5	-1.000340E-2	-2.484320E-5	1.474680E+2	1.395470E+2	4.539890E+2
1.476860E+2	9.997360E-3	8.468630E-5	-1.000350E-2	-3.190040E-5	1.479270E+2	1.400170E+2	4.580160E+2
1.481410E+2	9.997400E-3	8.127690E-5	-1.000350E-2	-3.712180E-5	1.483790E+2	1.404760E+2	4.619880E+2
1.485980E+2	9.997370E-3	7.572170E-5	-1.000350E-2	-4.251000E-5	1.488300E+2	1.409380E+2	4.659870E+2
1.490440E+2	9.997470E-3	6.799700E-5	-1.000340E-2	-5.111690E-5	1.492800E+2	1.414000E+2	4.699890E+2
1.495010E+2	9.997450E-3	6.320480E-5	-1.000330E-2	-5.221370E-5	1.497360E+2	1.418670E+2	4.740160E+2
1.499510E+2	9.997380E-3	6.251340E-5	-1.000330E-2	-5.223750E-5	1.501810E+2	1.423210E+2	4.779880E+2
1.503980E+2	9.997370E-3	6.515980E-5	-1.000340E-2	-5.042550E-5	1.506320E+2	1.427820E+2	4.819890E+2
1.508470E+2	9.997500E-3	6.656650E-5	-1.000340E-2	-4.670620E-5	1.510750E+2	1.432370E+2	4.860020E+2
1.512950E+2	9.997380E-3	6.718640E-5	-1.000350E-2	-4.992490E-5	1.515250E+2	1.436950E+2	4.900190E+2
1.517400E+2	9.997360E-3	6.487370E-5	-1.000340E-2	-5.273820E-5	1.519660E+2	1.441550E+2	4.939890E+2
1.521840E+2	9.997430E-3	6.883140E-5	-1.000340E-2	-4.358290E-5	1.524110E+2	1.446170E+2	4.979880E+2
1.526210E+2	9.997420E-3	8.554460E-5	-1.000340E-2	-2.985000E-5	1.528510E+2	1.450770E+2	5.019890E+2
1.530650E+2	9.997450E-3	9.429450E-5	-1.000340E-2	-1.919270E-5	1.532930E+2	1.455320E+2	5.060150E+2
1.535070E+2	9.997400E-3	1.022820E-4	-1.000340E-2	-1.478200E-5	1.537310E+2	1.459850E+2	5.099890E+2
1.539470E+2	9.997480E-3	1.070500E-4	-1.000340E-2	-1.316070E-5	1.541710E+2	1.464450E+2	5.139880E+2
1.543840E+2	9.997520E-3	1.127240E-4	-1.000340E-2	-9.608270E-6	1.546090E+2	1.468960E+2	5.179880E+2
1.548220E+2	9.997450E-3	1.127240E-4	-1.000350E-2	-1.056190E-5	1.550490E+2	1.473490E+2	5.220160E+2
1.552580E+2	9.997390E-3	1.117470E-4	-1.000340E-2	-8.416180E-6	1.554760E+2	1.478030E+2	5.259900E+2
1.556920E+2	9.997510E-3	1.132970E-4	-1.000360E-2	-9.894370E-6	1.559140E+2	1.482560E+2	5.299880E+2
1.561260E+2	9.997460E-3	1.105070E-4	-1.000340E-2	-7.438660E-6	1.563540E+2	1.487160E+2	5.340630E+2
1.564490E+2	9.997490E-3	1.141790E-4	-1.000350E-2	-1.006130E-5	1.566040E+2	1.485710E+2	5.369880E+2
1.557810E+2	9.997500E-3	1.108880E-4	-1.000330E-2	-1.363750E-5	1.552650E+2	1.485580E+2	5.409900E+2
1.549340E+2	9.997570E-3	1.070020E-4	-1.000340E-2	-1.366140E-5	1.546370E+2	1.489290E+2	5.449880E+2
1.543810E+2	9.997620E-3	1.079080E-4	-1.000340E-2	-1.349450E-5	1.541260E+2	1.493310E+2	5.490020E+2
1.539070E+2	9.997510E-3	1.029970E-4	-1.000340E-2	-2.031330E-5	1.536790E+2	1.496560E+2	5.529880E+2
1.534790E+2	9.997520E-3	8.628370E-5	-1.000340E-2	-4.158020E-5	1.532720E+2	1.498980E+2	5.569890E+2
1.530860E+2	9.997580E-3	7.719990E-5	-1.000350E-2	-4.231930E-5	1.528900E+2	1.500670E+2	5.609890E+2
1.527160E+2	9.997510E-3	8.239750E-5	-1.000340E-2	-3.790860E-5	1.525320E+2	1.501700E+2	5.649880E+2
1.523720E+2	9.997480E-3	9.152890E-5	-1.000340E-2	-2.982620E-5	1.522000E+2	1.502350E+2	5.689890E+2
1.520380E+2	9.997470E-3	9.791850E-5	-1.000340E-2	-6.532670E-6	1.518750E+2	1.502610E+2	5.729900E+2
1.517320E+2	9.997540E-3	1.212840E-4	-1.000350E-2	3.385540E-6	1.515730E+2	1.502550E+2	5.769890E+2
1.514290E+2	9.997420E-3	1.254800E-4	-1.000340E-2	1.096730E-5	1.512780E+2	1.502450E+2	5.809890E+2
1.511410E+2	9.997530E-3	1.303200E-4	-1.000340E-2	1.230240E-5	1.509990E+2	1.502280E+2	5.850010E+2
1.508690E+2	9.997480E-3	1.250270E-4	-1.000340E-2	9.322170E-6	1.507320E+2	1.502000E+2	5.889880E+2
1.506040E+2	9.997570E-3	1.094100E-4	-1.000340E-2	-1.304150E-5	1.504710E+2	1.501770E+2	5.929890E+2
1.503440E+2	9.997560E-3	1.052620E-4	-1.000340E-2	-1.842980E-5	1.502180E+2	1.501770E+2	5.969890E+2
1.500990E+2	9.997430E-3	1.047370E-4	-1.000330E-2	-1.535420E-5	1.499750E+2	1.501900E+2	6.009880E+2
1.498570E+2	9.997500E-3	1.016380E-4	-1.000340E-2	-1.480580E-5	1.497570E+2	1.502120E+2	6.049890E+2
1.507470E+2	9.997460E-3	9.970670E-5	-1.000340E-2	-1.726150E-5	1.509400E+2	1.502410E+2	6.089880E+2
1.513750E+2	9.997480E-3	1.044990E-4	-1.000350E-2	-1.709460E-5	1.514740E+2	1.502760E+2	6.129890E+2
1.513580E+2	9.997510E-3	1.174450E-4	-1.000350E-2	-1.327990E-5	1.518520E+2	1.503140E+2	6.169900E+2
1.520240E+2	9.997530E-3	1.044750E-4	-1.000350E-2	-1.413820E-5	1.518650E+2	1.503530E+2	6.210020E+2
1.519950E+2	9.997410E-3	1.004930E-4	-1.000350E-2	-7.510190E-6	1.522670E+2	1.503950E+2	6.249880E+2
1.522290E+2	9.997560E-3	9.393690E-5	-1.000350E-2	-2.660750E-5	1.521520E+2	1.504400E+2	6.289900E+2
1.522850E+2	9.997610E-3	9.367470E-5	-1.000350E-2	-2.768040E-5	1.524790E+2	1.504880E+2	6.329890E+2
1.521970E+2	9.997470E-3	9.107590E-5	-1.000340E-2	-3.244880E-5	1.521530E+2	1.505390E+2	6.369890E+2
1.521410E+2	9.997510E-3	8.742810E-5	-1.000350E-2	-3.221040E-5	1.517820E+2	1.505790E+2	6.409880E+2
1.515890E+2	9.997460E-3	8.447170E-5	-1.000350E-2	-3.702640E-5	1.514170E+2	1.506300E+2	6.449900E+2
1.512690E+2	9.997550E-3	8.285050E-5	-1.000340E-2	-3.445150E-5	1.511220E+2	1.506760E+2	6.489900E+2
1.509900E+2	9.997500E-3	9.055140E-5	-1.000350E-2	-3.068450E-5	1.508620E+2	1.507280E+2	6.529880E+2
1.507340E+2	9.997440E-3	8.578300E-5	-1.000350E-2	-3.168580E-5	1.506140E+2	1.507760E+2	6.570030E+2
1.505010E+2	9.997480E-3	8.687970E-5	-1.000350E-2	-3.297330E-5	1.503850E+2	1.508270E+2	6.609890E+2
1.502740E+2	9.997470E-3	8.752350E-5	-1.000350E-2	-3.035070E-5	1.504850E+2	1.508820E+2	6.649900E+2
1.508140E+2	9.997430E-3	8.668900E-5	-1.000340E-2	-3.120900E-5	1.513250E+2	1.509300E+2	6.689880E+2
1.512870E+2	9.997530E-3	8.761880E-5	-1.000340E-2	-2.927780E-5	1.512330E+2	1.509840E+2	6.729900E+2
1.518410E+2	9.997550E-3	8.721350E-5	-1.000350E-2	-3.321170E-5	1.516880E+2	1.510390E+2	6.769900E+2
1.518850E+2	9.997500E-3	8.673670E-5	-1.000360E-2	-3.232960E-5	1.521300E+2	1.510930E+2	6.809900E+2
1.521830E+2	9.997500E-3	8.699890E-5	-1.000350E-2	-3.745560E-5	1.521280E+2	1.511490E+2	6.849900E+2
1.520600E+2	9.997470E-3	8.409020E-5	-1.000350E-2	-3.767010E-5	1.522250E+2	1.512060E+2	6.889890E+2
1.519110E+2	9.997500E-3	8.554460E-5	-1.000340E-2	-3.180500E-5	1.519280E+2	1.512670E+2	6.930020E+2
1.516430E+2	9.997460E-3	8.542540E-5	-1.000350E-2	-3.840920E-5	1.514680E+2	1.513220E+2	6.969900E+2
1.513270E+2	9.997490E-3	8.449550E-5	-1.000350E-2	-3.402230E-5	1.511900E+2	1.513820E+2	7.009900E+2
1.510710E+2	9.997380E-3	8.475780E-5	-1.000350E-2	-3.280640E-5	1.509450E+2	1.514430E+2	7.049890E+2
1.508370E+2	9.997590E-3	8.821490E-5	-1.000350E-2	-3.178120E-5	1.507250E+2	1.515010E+2	7.089900E+2
1.506240E+2	9.997490E-3	9.174350E-5	-1.000340E-2	-3.411770E-5	1.505120E+2	1.515590E+2	7.129890E+2
1.504130E+2	9.997470E-3	9.002690E-5	-1.000350E-2	-2.868180E-5	1.503170E+2	1.516160E+2	7.169890E+2
1.502170E+2	9.997510E-3	9.469990E-5	-1.000340E-2	-2.470020E-5	1.501240E+2	1.516800E+2	7.209900E+2
1.500330E+2	9.997620E-3	9.751320E-5	-1.000330E-2	-2.429490E-5	1.506850E+2	1.517360E+2	7.249890E+2
1.505080E+2	9.997530E-3	9.839540E-5	-1.000350E-2	-2.224450E-5	1.502170E+2	1.518000E+2	7.290030E+2
1.500940E+2	9.997550E-3	9.241100E-5	-1.000350E-2	-1.120570E-5	1.511100E+2	1.518590E+2	7.329900E+2
1.511410E+2	9.997540E-3	9.262560E-5	-1.000340E-2	-2.722740E-5	1.515250E+2	1.519260E+2	7.369900E+2
1.516420E+2	9.997510E-3	9.102820E-5	-1.000360E-2	-2.868180E-5	1.516550E+2	1.519910E+2	7.409890E+2
1.518930E+2	9.997440E-3	8.981230E-5	-1.000350E-2	-3.247260E-5	1.521480E+2	1.520510E+2	7.449880E+2
1.519870E+2	9.997450E-3	8.499620E-5	-1.000350E-2	-3.366470E-5	1.519610E+2	1.521190E+2	7.489910E+2
1.523050E+2	9.997490E-3	8.897780E-5	-1.000340E-2	-2.946850E-5	1.519200E+2	1.521820E+2	7.529900E+2
1.518880E+2	9.997400E-3	9.498600E-5	-1.000350E-2	-2.496240E-5	1.516150E+2	1.522520E+2	7.569910E+2
1.514640E+2	9.997310E-3	9.226800E-5	-1.000350E-2	-1.754760E-5	1.513300E+2	1.523160E+2	7.609890E+2
1.512160E+2	9.997390E-3	1.025200E-4	-1.000340E-2	-1.552100E-5	1.511000E+2	1.523830E+2	7.650030E+2
1.509970E+2	9.997510E-3	1.146790E-4	-1.000340E-2	-1.890660E-5	1.508910E+2	1.524530E+2	7.689890E+2
1.507990E+2	9.997370E-3	1.110320E-4	-1.000350E-2	-8.106230E-6	1.507000E+2	1.525170E+2	7.729890E+2
1.506130E+2	9.997540E-3	1.095770E-4	-1.000340E-2	-5.793570E-6	1.505240E+2	1.525860E+2	7.769890E+2
1.504370E+2	9.997550E-3	1.170640E-4	-1.000350E-2	-1.525880E-6	1.503500E+2	1.526530E+2	7.809890E+2
1.502740E+2	9.997380E-3	1.264330E-4	-1.000350E-2	9.799000E-6	1.501870E+2	1.527210E+2	7.849910E+2
1.501100E+2	9.997470E-3	1.328950E-4	-1.000340E-2	1.409050E-5	1.500330E+2	1.527940E+2	7.889900E+2
1.499580E+2	9.997480E-3	1.341100E-4	-1.000350E-2	1.244550E-5	1.498760E+2	1.528570E+2	7.929890E+2
1.498130E+2	9.997520E-3	1.284840E-4	-1.000330E-2	1.294610E-5	1.497380E+2	1.529270E+2	7.969890E+2
1.496710E+2	9.997380E-3	1.302240E-4	-1.000350E-2	1.587870E-5	1.495950E+2	1.529990E+2	8.010050E+2
1.495290E+2	9.997380E-3	1.298190E-4	-1.000350E-2	9.012220E-6	1.494620E+2	1.530670E+2	8.049910E+2
1.496040E+2	9.997340E-3	1.293180E-4	-1.000350E-2	9.202960E-6	1.506930E+2	1.531370E+2	8.089900E+2
1.512570E+2	9.997460E-3	1.232390E-4	-1.000340E-2	9.584430E-6	1.513500E+2	1.532080E+2	8.129890E+2
1.513190E+2	9.997470E-3	1.234530E-4	-1.000340E-2	-2.145770E-7	1.515880E+2	1.532770E+2	8.169890E+2
1.519530E+2	9.997460E-3	1.212840E-4	-1.000330E-2	-2.074240E-6	1.519190E+2	1.533490E+2	8.209900E+2
1.518780E+2	9.997340E-3	1.094820E-4	-1.000340E-2	-9.512900E-6	1.521730E+2	1.534200E+2	8.249900E+2
1.522900E+2	9.997440E-3	1.049760E-4	-1.000350E-2	-1.604560E-5	1.520500E+2	1.534920E+2	8.289900E+2
1.519450E+2	9.997470E-3	9.300710E-5	-1.000330E-2	-1.797680E-5	1.516920E+2	1.535670E+2	8.329890E+2
1.515460E+2	9.997540E-3	1.053330E-4	-1.000340E-2	-1.847740E-5	1.514190E+2	1.536400E+2	8.370040E+2
1.513190E+2	9.997560E-3	9.932520E-5	-1.000340E-2	-2.198220E-5	1.512180E+2	1.537180E+2	8.409910E+2
1.511250E+2	9.997470E-3	1.044750E-4	-1.000340E-2	-1.440050E-5	1.510370E+2	1.537930E+2	8.449910E+2
1.509520E+2	9.997510E-3	1.076460E-4	-1.000340E-2	-5.006790E-6	1.508660E+2	1.538650E+2	8.489910E+2
1.507930E+2	9.997540E-3	1.178980E-4	-1.000350E-2	8.368490E-6	1.507170E+2	1.539370E+2	8.529900E+2
1.506400E+2	9.997550E-3	1.294370E-4	-1.000350E-2	1.151560E-5	1.505680E+2	1.540120E+2	8.569900E+2
1.505030E+2	9.997580E-3	1.342060E-4	-1.000340E-2	1.330380E-5	1.504310E+2	1.540900E+2	8.609900E+2
1.503670E+2	9.997490E-3	1.338720E-4	-1.000350E-2	1.213550E-5	1.503000E+2	1.541630E+2	8.649890E+2
1.502450E+2	9.997570E-3	1.330850E-4	-1.000350E-2	1.318450E-5	1.502390E+2	1.542400E+2	8.689900E+2
1.504370E+2	9.997360E-3	1.265050E-4	-1.000340E-2	7.557870E-6	1.508010E+2	1.543150E+2	8.730050E+2
1.508500E+2	9.997510E-3	1.250030E-4	-1.000330E-2	1.809600E-5	1.511250E+2	1.543870E+2	8.769900E+2
1.514940E+2	9.997470E-3	1.274350E-4	-1.000350E-2	8.797650E-6	1.518310E+2	1.544680E+2	8.809910E+2
1.517300E+2	9.997380E-3	1.245980E-4	-1.000350E-2	8.893010E-6	1.517860E+2	1.545410E+2	8.849900E+2
1.521860E+2	9.997440E-3	1.232390E-4	-1.000360E-2	2.717970E-6	1.521550E+2	1.546180E+2	8.889900E+2
1.519950E+2	9.997450E-3	1.219510E-4	-1.000350E-2	3.862380E-6	1.519410E+2	1.546960E+2	8.929910E+2
1.517140E+2	9.997540E-3	1.216650E-4	-1.000340E-2	9.107590E-6	1.515770E+2	1.547750E+2	8.969910E+2
1.514780E+2	9.997550E-3	1.275300E-4	-1.000340E-2	1.111030E-5	1.513850E+2	1.548500E+2	9.009900E+2
1.512990E+2	9.997410E-3	1.318450E-4	-1.000340E-2	8.296970E-6	1.512210E+2	1.549330E+2	9.049910E+2
1.511490E+2	9.997540E-3	1.301050E-4	-1.000340E-2	7.629390E-6	1.510780E+2	1.550090E+2	9.090040E+2
1.510130E+2	9.997450E-3	1.294370E-4	-1.000360E-2	1.327990E-5	1.509450E+2	1.550850E+2	9.129900E+2
1.508850E+2	9.997510E-3	1.331810E-4	-1.000350E-2	1.330380E-5	1.508180E+2	1.551680E+2	9.169900E+2
1.507600E+2	9.997570E-3	1.346590E-4	-1.000360E-2	1.430510E-5	1.506990E+2	1.552400E+2	9.209900E+2
1.506400E+2	9.997530E-3	1.325850E-4	-1.000350E-2	1.299380E-5	1.505850E+2	1.553220E+2	9.249920E+2
1.505320E+2	9.997500E-3	1.329420E-4	-1.000350E-2	1.423360E-5	1.504790E+2	1.553960E+2	9.289900E+2
1.504290E+2	9.997540E-3	1.341820E-4	-1.000340E-2	1.456740E-5	1.503770E+2	1.554800E+2	9.329900E+2
1.503250E+2	9.997460E-3	1.389270E-4	-1.000340E-2	1.935960E-5	1.502720E+2	1.555570E+2	9.369890E+2
1.502280E+2	9.997450E-3	1.320600E-4	-1.000350E-2	1.571180E-5	1.502050E+2	1.556330E+2	9.409910E+2
1.502270E+2	9.997530E-3	1.408820E-4	-1.000350E-2	1.974110E-5	1.503370E+2	1.557160E+2	9.450040E+2
1.504000E+2	9.997500E-3	1.351120E-4	-1.000350E-2	6.866460E-6	1.504990E+2	1.557930E+2	9.489900E+2
1.508910E+2	9.997560E-3	1.348020E-4	-1.000330E-2	1.492500E-5	1.513740E+2	1.558720E+2	9.529900E+2
1.513020E+2	9.997610E-3	1.268390E-4	-1.000350E-2	8.988380E-6	1.515330E+2	1.559520E+2	9.569890E+2
1.519800E+2	9.997510E-3	1.321080E-4	-1.000340E-2	6.699560E-6	1.520300E+2	1.560320E+2	9.609910E+2
1.518180E+2	9.997440E-3	1.247640E-4	-1.000350E-2	5.722050E-6	1.520580E+2	1.561110E+2	9.649910E+2
1.519300E+2	9.997490E-3	1.224990E-4	-1.000340E-2	2.455710E-6	1.516950E+2	1.561970E+2	9.689900E+2
1.515770E+2	9.997510E-3	1.202110E-4	-1.000340E-2	3.767010E-6	1.514820E+2	1.562770E+2	9.729900E+2
1.514070E+2	9.997470E-3	1.209260E-4	-1.000340E-2	1.072880E-5	1.513360E+2	1.563540E+2	9.769910E+2
1.512750E+2	9.997560E-3	1.317260E-4	-1.000340E-2	1.430510E-5	1.512090E+2	1.564380E+2	9.810040E+2
1.511540E+2	9.997580E-3	1.342770E-4	-1.000340E-2	1.049040E-5	1.510920E+2	1.565160E+2	9.849900E+2
1.510440E+2	9.997560E-3	1.306530E-4	-1.000350E-2	1.440050E-5	1.509890E+2	1.565970E+2	9.889900E+2
1.509400E+2	9.997550E-3	1.266000E-4	-1.000350E-2	5.412100E-6	1.508900E+2	1.566790E+2	9.929910E+2
1.508460E+2	9.997620E-3	1.246930E-4	-1.000340E-2	3.719330E-6	1.508000E+2	1.567610E+2	9.969910E+2
1.507590E+2	9.997580E-3	1.222610E-4	-1.000350E-2	2.121930E-6	1.507160E+2	1.568400E+2	1.000990E+3
1.506770E+2	9.997580E-3	1.175400E-4	-1.000330E-2	-3.051760E-6	1.506350E+2	1.569220E+2	1.004990E+3
1.505990E+2	9.997520E-3	1.104590E-4	-1.000340E-2	-9.608270E-6	1.505530E+2	1.570060E+2	1.008991E+3
1.505190E+2	9.997520E-3	1.127720E-4	-1.000340E-2	-2.048020E-5	1.504820E+2	1.570890E+2	1.012991E+3
1.504480E+2	9.997460E-3	9.126660E-5	-1.000350E-2	-2.481940E-5	1.504110E+2	1.571670E+2	1.017005E+3
1.503800E+2	9.997410E-3	9.183880E-5	-1.000350E-2	-1.046660E-5	1.503440E+2	1.572520E+2	1.020991E+3
1.503120E+2	9.997490E-3	9.179120E-5	-1.000360E-2	-2.732280E-5	1.502800E+2	1.573310E+2	1.024991E+3
1.502500E+2	9.997480E-3	9.524820E-5	-1.000350E-2	-2.200600E-5	1.502200E+2	1.574080E+2	1.028992E+3
1.501970E+2	9.997540E-3	9.593960E-5	-1.000340E-2	-1.380440E-5	1.501670E+2	1.574920E+2	1.033028E+3
1.501390E+2	9.997510E-3	1.140120E-4	-1.000340E-2	-3.290180E-6	1.501580E+2	1.575740E+2	1.036990E+3
