The operator was: peter
The sample measure was: Cable
The sample was biased using: 10E-3 Amps
Comments:
test run to see how the program works

Tbefore	        I+	        V+	        I-	        V-	        Tafter	        Tbase	        Time
2.952490E+2	9.997020E-3	2.160070E-4	-1.000340E-2	6.985660E-6	2.952430E+2	3.013750E+2	7.191700E+1
2.952410E+2	9.997040E-3	2.166990E-4	-1.000340E-2	4.887580E-6	2.952390E+2	3.013640E+2	7.227700E+1
2.952190E+2	9.997050E-3	2.186060E-4	-1.000340E-2	8.916860E-6	2.952190E+2	3.013260E+2	7.327700E+1
2.952130E+2	9.996970E-3	2.138850E-4	-1.000360E-2	8.010860E-6	2.952110E+2	3.013000E+2	7.427800E+1
2.951960E+2	9.997010E-3	2.121690E-4	-1.000350E-2	6.556510E-6	2.951940E+2	3.012680E+2	7.527800E+1
2.951820E+2	9.996910E-3	2.144100E-4	-1.000360E-2	4.363060E-6	2.951810E+2	3.012310E+2	7.627700E+1
2.951640E+2	9.996950E-3	2.123590E-4	-1.000350E-2	2.002720E-6	2.951630E+2	3.012020E+2	7.727700E+1
2.951470E+2	9.996850E-3	2.111440E-4	-1.000360E-2	3.337860E-6	2.951460E+2	3.011670E+2	7.827700E+1
2.951320E+2	9.996960E-3	2.055880E-4	-1.000350E-2	7.152560E-8	2.951310E+2	3.011290E+2	7.927800E+1
2.951120E+2	9.996840E-3	2.094510E-4	-1.000360E-2	5.245210E-7	2.951120E+2	3.011040E+2	8.027800E+1
2.951000E+2	9.996860E-3	2.072570E-4	-1.000360E-2	2.384190E-8	2.950990E+2	3.010700E+2	8.127700E+1
2.950830E+2	9.996890E-3	2.062800E-4	-1.000350E-2	-3.337860E-7	2.950810E+2	3.010380E+2	8.227800E+1
2.950760E+2	9.996940E-3	2.117630E-4	-1.000350E-2	2.121930E-6	2.950740E+2	3.010030E+2	8.327800E+1
2.950570E+2	9.996970E-3	2.089980E-4	-1.000340E-2	1.358990E-6	2.950540E+2	3.009740E+2	8.427700E+1
2.950380E+2	9.997000E-3	2.094750E-4	-1.000340E-2	6.198880E-7	2.950360E+2	3.009420E+2	8.527700E+1
2.950210E+2	9.997030E-3	2.133610E-4	-1.000340E-2	3.385540E-6	2.950210E+2	3.009080E+2	8.627700E+1
2.950080E+2	9.997030E-3	2.148630E-4	-1.000340E-2	9.274480E-6	2.950060E+2	3.008750E+2	8.731700E+1
2.949920E+2	9.997030E-3	2.132890E-4	-1.000340E-2	6.222730E-6	2.949900E+2	3.008390E+2	8.827800E+1
2.949780E+2	9.997050E-3	2.146010E-4	-1.000340E-2	1.022820E-5	2.949790E+2	3.008080E+2	8.927700E+1
2.949610E+2	9.997110E-3	2.158880E-4	-1.000330E-2	8.177760E-6	2.949590E+2	3.007730E+2	9.027700E+1
2.949440E+2	9.997070E-3	2.179150E-4	-1.000340E-2	9.346010E-6	2.949420E+2	3.007400E+2	9.127700E+1
2.949240E+2	9.997070E-3	2.126220E-4	-1.000340E-2	6.008150E-6	2.949240E+2	3.007110E+2	9.227600E+1
2.949090E+2	9.996900E-3	2.151010E-4	-1.000340E-2	8.273120E-6	2.949080E+2	3.006770E+2	9.327800E+1
2.948950E+2	9.997020E-3	2.134080E-4	-1.000350E-2	8.344650E-6	2.948960E+2	3.006500E+2	9.427700E+1
2.948770E+2	9.996870E-3	2.130990E-4	-1.000340E-2	6.079670E-6	2.948770E+2	3.006150E+2	9.527700E+1
2.948620E+2	9.996950E-3	2.182480E-4	-1.000350E-2	9.322170E-6	2.948630E+2	3.005780E+2	9.627700E+1
2.948440E+2	9.996980E-3	2.143620E-4	-1.000340E-2	6.008150E-6	2.948430E+2	3.005500E+2	9.727600E+1
2.948290E+2	9.996920E-3	2.118590E-4	-1.000350E-2	4.744530E-6	2.948280E+2	3.005240E+2	9.827800E+1
2.948120E+2	9.997050E-3	2.101660E-4	-1.000340E-2	6.914140E-7	2.948100E+2	3.004880E+2	9.927600E+1
2.947960E+2	9.997010E-3	2.064940E-4	-1.000340E-2	-7.390980E-7	2.947940E+2	3.004560E+2	1.002760E+2
2.947750E+2	9.996980E-3	2.076390E-4	-1.000340E-2	2.551080E-6	2.947740E+2	3.004170E+2	1.012780E+2
2.947600E+2	9.996970E-3	2.092600E-4	-1.000350E-2	2.288820E-6	2.947580E+2	3.003860E+2	1.023120E+2
2.947450E+2	9.996980E-3	2.121690E-4	-1.000340E-2	4.339220E-6	2.947440E+2	3.003540E+2	1.032770E+2
2.947260E+2	9.996970E-3	2.100710E-4	-1.000350E-2	1.907350E-6	2.947250E+2	3.003240E+2	1.042770E+2
2.947100E+2	9.996820E-3	2.145770E-4	-1.000350E-2	4.124640E-6	2.947090E+2	3.002880E+2	1.052760E+2
2.946950E+2	9.996940E-3	2.093080E-4	-1.000340E-2	4.148480E-6	2.946930E+2	3.002580E+2	1.062780E+2
2.946750E+2	9.996880E-3	2.150060E-4	-1.000350E-2	3.671650E-6	2.946740E+2	3.002270E+2	1.072770E+2
2.946590E+2	9.996910E-3	2.183910E-4	-1.000340E-2	9.894370E-6	2.946560E+2	3.001920E+2	1.082770E+2
2.946440E+2	9.996900E-3	2.152680E-4	-1.000350E-2	8.749960E-6	2.946430E+2	3.001630E+2	1.092770E+2
2.946240E+2	9.996870E-3	2.204660E-4	-1.000360E-2	1.077650E-5	2.946240E+2	3.001330E+2	1.102760E+2
2.946100E+2	9.996850E-3	2.143860E-4	-1.000360E-2	1.175400E-5	2.946080E+2	3.000940E+2	1.112780E+2
2.945890E+2	9.996820E-3	2.163410E-4	-1.000360E-2	1.242160E-5	2.945880E+2	3.000670E+2	1.122770E+2
2.945750E+2	9.996860E-3	2.177480E-4	-1.000360E-2	8.153920E-6	2.945730E+2	3.000370E+2	1.132770E+2
2.945580E+2	9.996920E-3	2.163650E-4	-1.000350E-2	1.044270E-5	2.945570E+2	2.999970E+2	1.142770E+2
2.945340E+2	9.996890E-3	2.226110E-4	-1.000360E-2	1.275540E-5	2.945330E+2	2.999760E+2	1.152760E+2
2.945190E+2	9.996960E-3	2.145290E-4	-1.000350E-2	9.512900E-6	2.945180E+2	2.999400E+2	1.162780E+2
2.945050E+2	9.997000E-3	2.175570E-4	-1.000350E-2	6.413460E-6	2.945040E+2	2.999110E+2	1.172760E+2
2.944900E+2	9.996930E-3	2.185110E-4	-1.000340E-2	9.846690E-6	2.944860E+2	2.998690E+2	1.183170E+2
2.944690E+2	9.996950E-3	2.124070E-4	-1.000350E-2	5.173680E-6	2.944690E+2	2.998380E+2	1.192780E+2
2.944550E+2	9.996850E-3	2.139330E-4	-1.000360E-2	7.081030E-6	2.944530E+2	2.998050E+2	1.202770E+2
2.944330E+2	9.996820E-3	2.093080E-4	-1.000360E-2	2.717970E-6	2.944330E+2	2.997770E+2	1.212770E+2
2.944160E+2	9.996830E-3	2.131940E-4	-1.000350E-2	4.982950E-6	2.944130E+2	2.997410E+2	1.222770E+2
2.944020E+2	9.996870E-3	2.143140E-4	-1.000350E-2	1.907350E-7	2.944010E+2	2.997140E+2	1.232760E+2
2.943830E+2	9.996910E-3	2.085690E-4	-1.000350E-2	4.315380E-6	2.943810E+2	2.996810E+2	1.242780E+2
2.943650E+2	9.996840E-3	2.078770E-4	-1.000360E-2	-2.384190E-8	2.943630E+2	2.996490E+2	1.252770E+2
2.943460E+2	9.996830E-3	2.099040E-4	-1.000360E-2	3.767010E-6	2.943450E+2	2.996140E+2	1.262770E+2
2.943250E+2	9.996810E-3	2.102380E-4	-1.000370E-2	3.576280E-7	2.943240E+2	2.995860E+2	1.272770E+2
2.943070E+2	9.996900E-3	2.140050E-4	-1.000360E-2	2.121930E-6	2.943060E+2	2.995520E+2	1.282760E+2
2.942890E+2	9.996840E-3	2.073050E-4	-1.000360E-2	6.675720E-7	2.942880E+2	2.995210E+2	1.292780E+2
2.942730E+2	9.996880E-3	2.123590E-4	-1.000360E-2	6.103520E-6	2.942710E+2	2.994930E+2	1.302770E+2
2.942540E+2	9.996900E-3	2.099280E-4	-1.000350E-2	5.197530E-6	2.942520E+2	2.994540E+2	1.312770E+2
2.942350E+2	9.996830E-3	2.158170E-4	-1.000350E-2	7.081030E-6	2.942350E+2	2.994290E+2	1.322770E+2
2.942120E+2	9.996900E-3	2.193210E-4	-1.000350E-2	8.893010E-6	2.942160E+2	2.994000E+2	1.333110E+2
2.941980E+2	9.996850E-3	2.171280E-4	-1.000350E-2	1.018050E-5	2.941970E+2	2.993660E+2	1.342770E+2
2.941830E+2	9.996820E-3	2.180100E-4	-1.000350E-2	1.063350E-5	2.941820E+2	2.993320E+2	1.352760E+2
2.941660E+2	9.996940E-3	2.227070E-4	-1.000360E-2	8.440020E-6	2.941630E+2	2.992980E+2	1.362760E+2
2.941440E+2	9.996940E-3	2.136470E-4	-1.000350E-2	8.988380E-6	2.941420E+2	2.992700E+2	1.372780E+2
2.941250E+2	9.996880E-3	2.170090E-4	-1.000350E-2	1.056190E-5	2.941240E+2	2.992390E+2	1.382770E+2
2.941090E+2	9.997010E-3	2.142430E-4	-1.000350E-2	7.438660E-6	2.941070E+2	2.992080E+2	1.392770E+2
2.940900E+2	9.996920E-3	2.174380E-4	-1.000360E-2	9.870530E-6	2.940890E+2	2.991750E+2	1.402770E+2
2.940740E+2	9.997060E-3	2.171280E-4	-1.000350E-2	9.799000E-6	2.940730E+2	2.991430E+2	1.412760E+2
2.940570E+2	9.996940E-3	2.120490E-4	-1.000360E-2	2.026560E-6	2.940550E+2	2.991130E+2	1.422780E+2
2.940330E+2	9.996890E-3	2.103090E-4	-1.000360E-2	4.887580E-6	2.940310E+2	2.990860E+2	1.432770E+2
2.940170E+2	9.996880E-3	2.094030E-4	-1.000360E-2	2.503400E-6	2.940160E+2	2.990510E+2	1.442770E+2
2.939950E+2	9.996830E-3	2.089980E-4	-1.000360E-2	3.409390E-6	2.939920E+2	2.990200E+2	1.452770E+2
2.939800E+2	9.996860E-3	2.065420E-4	-1.000360E-2	2.479550E-6	2.939790E+2	2.989920E+2	1.462760E+2
2.939620E+2	9.996860E-3	2.055410E-4	-1.000360E-2	9.536740E-7	2.939610E+2	2.989600E+2	1.472780E+2
2.939420E+2	9.996930E-3	2.120490E-4	-1.000360E-2	2.360340E-6	2.939410E+2	2.989230E+2	1.482770E+2
2.939190E+2	9.996780E-3	2.106910E-4	-1.000350E-2	4.172330E-6	2.939180E+2	2.988960E+2	1.493180E+2
2.939040E+2	9.996920E-3	2.115730E-4	-1.000350E-2	4.339220E-6	2.939020E+2	2.988590E+2	1.502770E+2
2.938880E+2	9.996830E-3	2.111910E-4	-1.000350E-2	4.816060E-6	2.938860E+2	2.988330E+2	1.512780E+2
2.938680E+2	9.996940E-3	2.109290E-4	-1.000350E-2	4.076960E-6	2.938660E+2	2.988040E+2	1.522770E+2
2.938480E+2	9.996860E-3	2.089020E-4	-1.000360E-2	3.027920E-6	2.938440E+2	2.987730E+2	1.532760E+2
2.938280E+2	9.996870E-3	2.094750E-4	-1.000360E-2	7.247920E-6	2.938270E+2	2.987330E+2	1.542760E+2
2.938100E+2	9.996870E-3	2.128840E-4	-1.000360E-2	4.172330E-6	2.938100E+2	2.987070E+2	1.552780E+2
2.937860E+2	9.996850E-3	2.095220E-4	-1.000350E-2	6.532670E-6	2.937850E+2	2.986700E+2	1.562770E+2
2.937690E+2	9.996820E-3	2.166990E-4	-1.000360E-2	9.560590E-6	2.937670E+2	2.986410E+2	1.572770E+2
2.937520E+2	9.996940E-3	2.153870E-4	-1.000350E-2	5.984310E-6	2.937510E+2	2.986110E+2	1.582770E+2
2.937340E+2	9.996860E-3	2.170800E-4	-1.000360E-2	7.319450E-6	2.937320E+2	2.985820E+2	1.592780E+2
2.937140E+2	9.996860E-3	2.130270E-4	-1.000360E-2	8.869170E-6	2.937130E+2	2.985500E+2	1.602780E+2
2.936910E+2	9.996770E-3	2.167220E-4	-1.000350E-2	1.053810E-5	2.936910E+2	2.985220E+2	1.612770E+2
2.936750E+2	9.996860E-3	2.184870E-4	-1.000360E-2	9.894370E-6	2.936720E+2	2.984880E+2	1.622770E+2
2.936520E+2	9.996820E-3	2.163410E-4	-1.000350E-2	7.009510E-6	2.936510E+2	2.984560E+2	1.632770E+2
2.936320E+2	9.996800E-3	2.141480E-4	-1.000360E-2	1.060960E-5	2.936300E+2	2.984210E+2	1.643110E+2
2.936140E+2	9.996870E-3	2.129550E-4	-1.000360E-2	6.461140E-6	2.936130E+2	2.983930E+2	1.652780E+2
2.935950E+2	9.996840E-3	2.152440E-4	-1.000360E-2	8.869170E-6	2.935940E+2	2.983560E+2	1.662770E+2
2.935760E+2	9.996830E-3	2.134320E-4	-1.000360E-2	9.274480E-6	2.935740E+2	2.983360E+2	1.672770E+2
2.935600E+2	9.996850E-3	2.160550E-4	-1.000360E-2	5.126000E-6	2.935580E+2	2.983020E+2	1.682770E+2
2.935400E+2	9.996870E-3	2.220630E-4	-1.000360E-2	-3.194810E-5	2.940650E+2	2.986220E+2	1.712460E+2
2.943360E+2	9.996830E-3	2.198930E-4	-1.000360E-2	-3.108980E-5	2.940400E+2	2.985040E+2	1.752380E+2
2.939100E+2	9.996890E-3	2.186300E-4	-1.000360E-2	-2.918240E-5	2.938280E+2	2.982810E+2	1.792380E+2
2.937670E+2	9.996890E-3	2.260920E-4	-1.000350E-2	-2.377030E-5	2.937110E+2	2.981090E+2	1.832370E+2
2.936650E+2	9.996870E-3	2.295490E-4	-1.000360E-2	-2.334120E-5	2.936160E+2	2.979590E+2	1.872370E+2
2.935810E+2	9.996860E-3	2.286430E-4	-1.000340E-2	-2.431870E-5	2.935290E+2	2.978210E+2	1.912390E+2
2.934930E+2	9.996820E-3	2.286670E-4	-1.000350E-2	-2.665520E-5	2.934460E+2	2.976800E+2	1.952380E+2
2.934000E+2	9.996930E-3	2.254250E-4	-1.000360E-2	-2.658370E-5	2.933560E+2	2.975490E+2	1.992370E+2
2.933130E+2	9.996850E-3	2.203940E-4	-1.000350E-2	-3.211500E-5	2.932700E+2	2.974210E+2	2.032380E+2
2.932310E+2	9.996950E-3	2.235650E-4	-1.000350E-2	-3.037450E-5	2.931850E+2	2.972830E+2	2.072450E+2
2.931450E+2	9.997040E-3	2.246620E-4	-1.000350E-2	-2.741810E-5	2.930980E+2	2.971580E+2	2.112380E+2
2.930540E+2	9.996980E-3	2.298590E-4	-1.000350E-2	-2.372260E-5	2.930040E+2	2.970370E+2	2.152370E+2
2.929690E+2	9.996940E-3	2.277370E-4	-1.000350E-2	-2.253060E-5	2.929130E+2	2.968970E+2	2.192380E+2
2.928700E+2	9.997020E-3	2.249240E-4	-1.000350E-2	-2.489090E-5	2.928180E+2	2.967290E+2	2.232370E+2
2.927690E+2	9.996860E-3	2.233270E-4	-1.000350E-2	-2.753730E-5	2.927130E+2	2.965120E+2	2.272380E+2
2.926590E+2	9.996980E-3	2.205850E-4	-1.000350E-2	-3.049370E-5	2.926050E+2	2.962140E+2	2.312650E+2
2.925520E+2	9.996930E-3	2.239940E-4	-1.000360E-2	-2.796650E-5	2.924910E+2	2.958340E+2	2.352380E+2
2.924310E+2	9.996890E-3	2.220150E-4	-1.000370E-2	-2.193450E-5	2.923690E+2	2.954010E+2	2.392380E+2
2.923130E+2	9.996960E-3	2.286670E-4	-1.000360E-2	-2.319810E-5	2.922420E+2	2.949210E+2	2.432460E+2
2.921850E+2	9.996840E-3	2.288100E-4	-1.000340E-2	-1.859660E-5	2.921140E+2	2.944060E+2	2.472370E+2
2.920480E+2	9.996870E-3	2.325060E-4	-1.000350E-2	-1.928810E-5	2.919830E+2	2.938740E+2	2.512380E+2
2.919160E+2	9.996910E-3	2.334590E-4	-1.000350E-2	-1.754760E-5	2.918370E+2	2.933110E+2	2.552370E+2
2.917710E+2	9.996890E-3	2.308130E-4	-1.000350E-2	-2.300740E-5	2.916910E+2	2.927340E+2	2.592370E+2
2.916160E+2	9.996800E-3	2.289530E-4	-1.000360E-2	-2.553460E-5	2.915370E+2	2.921450E+2	2.632370E+2
2.914610E+2	9.996780E-3	2.274990E-4	-1.000360E-2	-2.167220E-5	2.913790E+2	2.915360E+2	2.672360E+2
2.913020E+2	9.996800E-3	2.264020E-4	-1.000370E-2	-2.300740E-5	2.912110E+2	2.909160E+2	2.712380E+2
2.911360E+2	9.996920E-3	2.268310E-4	-1.000370E-2	-2.357960E-5	2.910470E+2	2.902950E+2	2.752370E+2
2.909570E+2	9.996810E-3	2.256630E-4	-1.000360E-2	-1.907350E-5	2.908640E+2	2.896520E+2	2.792450E+2
2.907770E+2	9.996730E-3	2.329350E-4	-1.000360E-2	-1.616480E-5	2.906810E+2	2.890110E+2	2.832380E+2
2.905930E+2	9.996750E-3	2.368450E-4	-1.000360E-2	-1.213550E-5	2.904860E+2	2.883650E+2	2.872360E+2
2.903910E+2	9.996760E-3	2.368210E-4	-1.000360E-2	-1.339910E-5	2.902820E+2	2.876990E+2	2.912370E+2
2.901870E+2	9.996820E-3	2.379660E-4	-1.000380E-2	-8.058550E-6	2.900750E+2	2.870340E+2	2.952380E+2
2.899720E+2	9.996820E-3	2.375130E-4	-1.000360E-2	-9.346010E-6	2.898620E+2	2.863600E+2	2.992380E+2
2.897530E+2	9.996740E-3	2.285960E-4	-1.000360E-2	-1.125340E-5	2.896440E+2	2.856790E+2	3.032370E+2
2.895330E+2	9.996830E-3	2.331970E-4	-1.000370E-2	-1.182560E-5	2.894090E+2	2.850040E+2	3.072370E+2
2.892950E+2	9.996850E-3	2.340560E-4	-1.000360E-2	-9.441380E-6	2.891760E+2	2.843230E+2	3.112380E+2
2.890630E+2	9.996850E-3	2.376320E-4	-1.000360E-2	-1.113410E-5	2.889350E+2	2.836360E+2	3.152460E+2
2.888130E+2	9.996920E-3	2.373700E-4	-1.000350E-2	-1.094340E-5	2.886850E+2	2.829570E+2	3.192370E+2
2.885620E+2	9.996850E-3	2.346990E-4	-1.000370E-2	-1.220700E-5	2.884310E+2	2.822710E+2	3.232380E+2
2.883060E+2	9.996880E-3	2.319570E-4	-1.000360E-2	-1.616480E-5	2.881700E+2	2.815830E+2	3.272380E+2
2.880390E+2	9.996730E-3	2.306940E-4	-1.000360E-2	-1.523490E-5	2.878950E+2	2.808910E+2	3.312370E+2
2.877640E+2	9.996840E-3	2.316480E-4	-1.000350E-2	-1.680850E-5	2.876240E+2	2.801980E+2	3.352380E+2
2.874880E+2	9.996910E-3	2.349850E-4	-1.000360E-2	-1.258850E-5	2.873320E+2	2.794980E+2	3.392370E+2
2.872010E+2	9.996870E-3	2.322670E-4	-1.000340E-2	-1.504420E-5	2.870540E+2	2.787990E+2	3.432370E+2
2.869030E+2	9.996960E-3	2.365110E-4	-1.000340E-2	-1.425740E-5	2.867520E+2	2.781070E+2	3.472380E+2
2.866080E+2	9.996850E-3	2.304550E-4	-1.000350E-2	-1.137260E-5	2.864480E+2	2.774060E+2	3.512460E+2
2.862980E+2	9.996900E-3	2.362970E-4	-1.000340E-2	-1.003740E-5	2.861380E+2	2.767020E+2	3.552370E+2
2.859900E+2	9.996960E-3	2.367260E-4	-1.000350E-2	-8.392330E-6	2.858220E+2	2.759970E+2	3.592380E+2
2.856730E+2	9.996980E-3	2.362490E-4	-1.000360E-2	-1.025200E-5	2.855000E+2	2.752980E+2	3.632380E+2
2.853480E+2	9.996890E-3	2.384900E-4	-1.000360E-2	-1.156330E-5	2.851750E+2	2.745970E+2	3.672370E+2
2.850140E+2	9.996900E-3	2.339600E-4	-1.000360E-2	-9.894370E-6	2.848360E+2	2.738930E+2	3.712380E+2
2.846750E+2	9.996940E-3	2.370120E-4	-1.000360E-2	-8.130070E-6	2.844970E+2	2.731890E+2	3.752370E+2
2.843330E+2	9.996910E-3	2.395150E-4	-1.000350E-2	-7.319450E-6	2.841470E+2	2.724850E+2	3.792370E+2
2.839800E+2	9.996830E-3	2.344850E-4	-1.000340E-2	-6.604190E-6	2.838010E+2	2.717860E+2	3.832380E+2
2.836250E+2	9.996970E-3	2.370600E-4	-1.000350E-2	-5.412100E-6	2.834410E+2	2.710840E+2	3.872470E+2
2.832640E+2	9.996880E-3	2.376080E-4	-1.000340E-2	-8.511540E-6	2.830740E+2	2.703890E+2	3.912380E+2
2.828950E+2	9.997060E-3	2.405410E-4	-1.000350E-2	-9.465220E-6	2.827040E+2	2.696990E+2	3.952370E+2
2.825260E+2	9.997060E-3	2.393720E-4	-1.000340E-2	-1.142030E-5	2.823260E+2	2.690120E+2	3.992380E+2
2.821500E+2	9.996970E-3	2.331020E-4	-1.000340E-2	-1.006130E-5	2.819490E+2	2.683270E+2	4.032370E+2
2.817600E+2	9.997010E-3	2.352710E-4	-1.000340E-2	-1.175400E-5	2.815630E+2	2.676440E+2	4.072380E+2
2.813730E+2	9.997010E-3	2.349850E-4	-1.000350E-2	-1.094340E-5	2.811770E+2	2.669640E+2	4.112380E+2
2.809840E+2	9.997000E-3	2.348660E-4	-1.000350E-2	-1.189710E-5	2.807790E+2	2.662890E+2	4.152380E+2
2.805800E+2	9.996960E-3	2.347470E-4	-1.000350E-2	-9.655950E-6	2.803790E+2	2.656070E+2	4.192370E+2
2.801820E+2	9.997050E-3	2.324340E-4	-1.000350E-2	-1.285080E-5	2.799700E+2	2.649410E+2	4.232460E+2
2.797770E+2	9.997010E-3	2.346040E-4	-1.000350E-2	-1.189710E-5	2.795650E+2	2.642670E+2	4.272370E+2
2.793680E+2	9.997010E-3	2.345560E-4	-1.000350E-2	-1.149180E-5	2.791500E+2	2.636020E+2	4.312380E+2
2.789560E+2	9.996940E-3	2.341270E-4	-1.000350E-2	-1.378060E-5	2.787330E+2	2.629310E+2	4.352380E+2
2.785340E+2	9.997090E-3	2.378940E-4	-1.000350E-2	-1.018050E-5	2.783150E+2	2.622760E+2	4.392370E+2
2.781090E+2	9.997150E-3	2.308610E-4	-1.000340E-2	-1.218320E-5	2.778870E+2	2.616250E+2	4.432380E+2
2.776830E+2	9.997130E-3	2.331500E-4	-1.000350E-2	-8.296970E-6	2.774560E+2	2.609780E+2	4.472370E+2
2.772520E+2	9.997110E-3	2.324340E-4	-1.000350E-2	-1.423360E-5	2.770240E+2	2.603360E+2	4.512380E+2
2.768200E+2	9.997110E-3	2.324100E-4	-1.000350E-2	-1.218320E-5	2.765890E+2	2.597020E+2	4.552380E+2
2.763850E+2	9.997020E-3	2.336030E-4	-1.000350E-2	-1.239780E-5	2.761530E+2	2.590630E+2	4.592460E+2
2.759400E+2	9.997030E-3	2.355810E-4	-1.000350E-2	-5.912780E-6	2.757130E+2	2.584290E+2	4.632380E+2
2.754930E+2	9.997050E-3	2.360340E-4	-1.000350E-2	-4.124640E-6	2.752710E+2	2.577980E+2	4.672370E+2
2.750520E+2	9.997120E-3	2.401830E-4	-1.000350E-2	8.821490E-7	2.748200E+2	2.571800E+2	4.712370E+2
2.746020E+2	9.997110E-3	2.343420E-4	-1.000350E-2	-8.583070E-7	2.743690E+2	2.565600E+2	4.752380E+2
2.741520E+2	9.997160E-3	2.353190E-4	-1.000350E-2	1.525880E-6	2.739190E+2	2.559490E+2	4.792370E+2
2.737030E+2	9.997000E-3	2.351760E-4	-1.000360E-2	2.598760E-6	2.734680E+2	2.553360E+2	4.832370E+2
2.732460E+2	9.997220E-3	2.349620E-4	-1.000340E-2	-6.198880E-7	2.730090E+2	2.547350E+2	4.872370E+2
2.727890E+2	9.997250E-3	2.328400E-4	-1.000350E-2	6.914140E-7	2.725510E+2	2.541380E+2	4.912380E+2
2.723310E+2	9.997150E-3	2.218010E-4	-1.000350E-2	-2.813340E-6	2.720900E+2	2.535400E+2	4.952460E+2
2.718750E+2	9.997130E-3	2.172950E-4	-1.000350E-2	-6.771090E-6	2.716340E+2	2.529420E+2	4.992380E+2
2.714070E+2	9.997290E-3	2.215620E-4	-1.000350E-2	-8.559230E-6	2.711700E+2	2.523560E+2	5.032370E+2
2.709460E+2	9.997320E-3	2.197980E-4	-1.000350E-2	-1.001360E-5	2.707050E+2	2.517670E+2	5.072370E+2
2.704820E+2	9.997310E-3	2.150060E-4	-1.000340E-2	-7.319450E-6	2.702390E+2	2.511900E+2	5.112380E+2
2.700170E+2	9.997370E-3	2.224210E-4	-1.000360E-2	-6.842610E-6	2.697730E+2	2.506090E+2	5.152380E+2
2.695480E+2	9.997330E-3	2.146720E-4	-1.000350E-2	-3.051760E-6	2.693070E+2	2.500400E+2	5.192380E+2
2.690840E+2	9.997370E-3	2.220870E-4	-1.000350E-2	1.144410E-6	2.688410E+2	2.494850E+2	5.232370E+2
2.686130E+2	9.997340E-3	2.276180E-4	-1.000360E-2	1.239780E-6	2.683750E+2	2.489280E+2	5.272380E+2
2.681510E+2	9.997290E-3	2.245430E-4	-1.000350E-2	5.078320E-6	2.679070E+2	2.483790E+2	5.312460E+2
2.676830E+2	9.997260E-3	2.197500E-4	-1.000360E-2	6.175040E-6	2.674410E+2	2.478410E+2	5.352380E+2
2.672150E+2	9.997290E-3	2.279760E-4	-1.000360E-2	7.939340E-6	2.669790E+2	2.473080E+2	5.392370E+2
2.667580E+2	9.997200E-3	2.181290E-4	-1.000350E-2	4.720690E-6	2.665220E+2	2.467990E+2	5.432370E+2
2.662940E+2	9.997210E-3	2.132420E-4	-1.000350E-2	1.883510E-6	2.660570E+2	2.462950E+2	5.472380E+2
2.658290E+2	9.997410E-3	2.144810E-4	-1.000360E-2	-3.528600E-6	2.656000E+2	2.458120E+2	5.512370E+2
2.653700E+2	9.997430E-3	2.146480E-4	-1.000360E-2	-6.079670E-6	2.651350E+2	2.453370E+2	5.552370E+2
2.649100E+2	9.997410E-3	2.130270E-4	-1.000350E-2	-5.888940E-6	2.646700E+2	2.448890E+2	5.592370E+2
2.644500E+2	9.997390E-3	2.170320E-4	-1.000360E-2	2.074240E-6	2.642110E+2	2.444590E+2	5.632380E+2
2.639870E+2	9.997400E-3	2.159120E-4	-1.000360E-2	6.079670E-6	2.637510E+2	2.440410E+2	5.672460E+2
2.635290E+2	9.997310E-3	2.182960E-4	-1.000350E-2	5.888940E-6	2.632910E+2	2.436540E+2	5.712380E+2
2.630740E+2	9.997340E-3	2.129790E-4	-1.000350E-2	5.960460E-7	2.628390E+2	2.432770E+2	5.752370E+2
2.626160E+2	9.997470E-3	2.105950E-4	-1.000340E-2	-5.602840E-6	2.623810E+2	2.429330E+2	5.792380E+2
2.621620E+2	9.997240E-3	2.082350E-4	-1.000340E-2	-8.177760E-6	2.619260E+2	2.426060E+2	5.832370E+2
2.617040E+2	9.997250E-3	2.071620E-4	-1.000350E-2	-9.512900E-6	2.614700E+2	2.423070E+2	5.872380E+2
2.612180E+2	9.997380E-3	2.010350E-4	-1.000350E-2	-4.601480E-6	2.609220E+2	2.419510E+2	5.912380E+2
2.606420E+2	9.997330E-3	2.081390E-4	-1.000360E-2	-4.482270E-6	2.603460E+2	2.413680E+2	5.952370E+2
2.600650E+2	9.997360E-3	2.037050E-4	-1.000350E-2	3.457070E-6	2.597710E+2	2.405680E+2	5.992380E+2
2.594830E+2	9.997240E-3	2.094980E-4	-1.000350E-2	5.698200E-6	2.591810E+2	2.396440E+2	6.032460E+2
2.588930E+2	9.997330E-3	2.097370E-4	-1.000350E-2	8.344650E-6	2.585850E+2	2.386810E+2	6.072380E+2
2.582950E+2	9.997330E-3	2.122880E-4	-1.000350E-2	1.342300E-5	2.579750E+2	2.377120E+2	6.112370E+2
2.576640E+2	9.997380E-3	2.106430E-4	-1.000360E-2	7.867810E-6	2.573220E+2	2.367430E+2	6.152380E+2
2.569930E+2	9.997350E-3	1.996280E-4	-1.000350E-2	2.312660E-6	2.566400E+2	2.357210E+2	6.192380E+2
2.563080E+2	9.997450E-3	2.016540E-4	-1.000340E-2	-2.646450E-6	2.559490E+2	2.346980E+2	6.232370E+2
2.556120E+2	9.997390E-3	2.017500E-4	-1.000350E-2	-5.006790E-6	2.552480E+2	2.336680E+2	6.272370E+2
2.549070E+2	9.997310E-3	2.064470E-4	-1.000350E-2	4.768370E-8	2.545380E+2	2.326400E+2	6.312380E+2
2.541900E+2	9.997510E-3	2.057790E-4	-1.000350E-2	1.978870E-6	2.538210E+2	2.316320E+2	6.352370E+2
2.534710E+2	9.997540E-3	2.122880E-4	-1.000350E-2	8.463860E-6	2.530890E+2	2.306180E+2	6.392470E+2
2.527350E+2	9.997450E-3	2.060890E-4	-1.000350E-2	8.392330E-6	2.523540E+2	2.295880E+2	6.432370E+2
2.519910E+2	9.997480E-3	2.088070E-4	-1.000360E-2	1.151560E-5	2.516050E+2	2.285050E+2	6.472380E+2
2.512400E+2	9.997360E-3	2.112390E-4	-1.000350E-2	9.131430E-6	2.508470E+2	2.273740E+2	6.512370E+2
2.504790E+2	9.997470E-3	2.056840E-4	-1.000340E-2	4.291530E-6	2.500850E+2	2.262250E+2	6.552380E+2
2.497140E+2	9.997370E-3	2.039430E-4	-1.000340E-2	8.106230E-6	2.493120E+2	2.250600E+2	6.592380E+2
2.489330E+2	9.997390E-3	2.089980E-4	-1.000350E-2	-3.266330E-6	2.485290E+2	2.238710E+2	6.632380E+2
2.481430E+2	9.997470E-3	1.980300E-4	-1.000350E-2	8.106230E-7	2.477340E+2	2.226370E+2	6.672370E+2
2.473480E+2	9.997450E-3	2.021790E-4	-1.000350E-2	-7.152560E-7	2.469290E+2	2.213330E+2	6.712380E+2
2.465320E+2	9.997480E-3	1.959560E-4	-1.000350E-2	-1.430510E-6	2.461120E+2	2.199230E+2	6.752480E+2
2.457140E+2	9.997450E-3	2.018210E-4	-1.000360E-2	2.264980E-6	2.452840E+2	2.184670E+2	6.792380E+2
2.448800E+2	9.997340E-3	2.048730E-4	-1.000360E-2	3.790860E-6	2.444370E+2	2.169710E+2	6.832380E+2
2.440320E+2	9.997410E-3	2.103090E-4	-1.000360E-2	1.211170E-5	2.435890E+2	2.154470E+2	6.872370E+2
2.431720E+2	9.997420E-3	2.176760E-4	-1.000360E-2	1.797680E-5	2.427180E+2	2.139210E+2	6.912380E+2
2.422900E+2	9.997390E-3	2.154590E-4	-1.000360E-2	1.840590E-5	2.418280E+2	2.123860E+2	6.952380E+2
2.413980E+2	9.997470E-3	2.186540E-4	-1.000360E-2	1.621250E-5	2.409340E+2	2.108460E+2	6.992370E+2
2.404930E+2	9.997500E-3	1.998420E-4	-1.000350E-2	9.226800E-6	2.400110E+2	2.093070E+2	7.032370E+2
2.395730E+2	9.997400E-3	1.947880E-4	-1.000360E-2	4.434590E-6	2.390920E+2	2.077660E+2	7.072380E+2
2.386360E+2	9.997330E-3	1.977920E-4	-1.000360E-2	6.127360E-6	2.381460E+2	2.062330E+2	7.112490E+2
2.376860E+2	9.997460E-3	1.970050E-4	-1.000360E-2	1.173020E-5	2.371900E+2	2.047120E+2	7.152380E+2
2.367270E+2	9.997440E-3	2.043720E-4	-1.000350E-2	2.152920E-5	2.362260E+2	2.031910E+2	7.192370E+2
2.357580E+2	9.997270E-3	2.091170E-4	-1.000360E-2	2.279280E-5	2.352540E+2	2.016800E+2	7.232380E+2
2.347740E+2	9.997340E-3	2.121690E-4	-1.000350E-2	2.546310E-5	2.342570E+2	2.001720E+2	7.272380E+2
2.337780E+2	9.997260E-3	2.141480E-4	-1.000350E-2	2.517700E-5	2.332570E+2	1.986610E+2	7.312380E+2
2.327690E+2	9.997230E-3	2.058030E-4	-1.000350E-2	1.611710E-5	2.322420E+2	1.971550E+2	7.352370E+2
2.317550E+2	9.997390E-3	1.996990E-4	-1.000350E-2	9.083750E-6	2.312210E+2	1.956620E+2	7.392380E+2
2.307260E+2	9.997370E-3	1.919510E-4	-1.000350E-2	9.059910E-6	2.301850E+2	1.941770E+2	7.432370E+2
2.296790E+2	9.997350E-3	1.901150E-4	-1.000360E-2	1.192090E-5	2.291360E+2	1.927020E+2	7.472480E+2
2.286300E+2	9.997420E-3	2.036090E-4	-1.000360E-2	1.792910E-5	2.280760E+2	1.912350E+2	7.512370E+2
2.275700E+2	9.997400E-3	2.079960E-4	-1.000350E-2	2.717970E-5	2.270180E+2	1.897770E+2	7.552380E+2
2.265000E+2	9.997360E-3	2.073050E-4	-1.000350E-2	2.796650E-5	2.259380E+2	1.883150E+2	7.592370E+2
2.254190E+2	9.997330E-3	2.091170E-4	-1.000340E-2	2.970700E-5	2.248550E+2	1.868690E+2	7.632380E+2
2.243320E+2	9.997320E-3	2.045870E-4	-1.000340E-2	2.405640E-5	2.237640E+2	1.854230E+2	7.672380E+2
2.232300E+2	9.997400E-3	1.919750E-4	-1.000340E-2	1.344680E-5	2.226610E+2	1.839930E+2	7.712370E+2
2.221250E+2	9.997470E-3	1.899720E-4	-1.000350E-2	2.160070E-5	2.215530E+2	1.825610E+2	7.752380E+2
2.210220E+2	9.997330E-3	1.998660E-4	-1.000350E-2	2.782340E-5	2.204390E+2	1.811320E+2	7.792370E+2
2.199010E+2	9.997470E-3	2.044920E-4	-1.000340E-2	3.070830E-5	2.193180E+2	1.797060E+2	7.832480E+2
2.187790E+2	9.997410E-3	2.090220E-4	-1.000360E-2	3.538130E-5	2.182330E+2	1.782830E+2	7.872370E+2
2.177330E+2	9.997390E-3	2.063990E-4	-1.000350E-2	3.447530E-5	2.171840E+2	1.768680E+2	7.912380E+2
2.166650E+2	9.997320E-3	2.019880E-4	-1.000340E-2	2.894400E-5	2.160990E+2	1.754620E+2	7.952370E+2
2.155670E+2	9.997350E-3	1.923080E-4	-1.000350E-2	2.319810E-5	2.149980E+2	1.740560E+2	7.992370E+2
2.144610E+2	9.997520E-3	1.868250E-4	-1.000350E-2	1.618860E-5	2.138830E+2	1.726670E+2	8.032380E+2
2.133470E+2	9.997540E-3	1.815320E-4	-1.000340E-2	1.945500E-5	2.127670E+2	1.712740E+2	8.072370E+2
2.122190E+2	9.997500E-3	1.905920E-4	-1.000350E-2	2.572540E-5	2.116400E+2	1.698880E+2	8.112380E+2
2.110960E+2	9.997520E-3	2.002240E-4	-1.000350E-2	3.621580E-5	2.105150E+2	1.685140E+2	8.152370E+2
2.099680E+2	9.997400E-3	2.022500E-4	-1.000350E-2	3.509520E-5	2.093810E+2	1.671430E+2	8.192490E+2
2.088360E+2	9.997460E-3	2.023460E-4	-1.000340E-2	3.569130E-5	2.082500E+2	1.657860E+2	8.232380E+2
2.077010E+2	9.997610E-3	1.930950E-4	-1.000340E-2	2.405640E-5	2.071110E+2	1.644250E+2	8.272370E+2
2.065650E+2	9.997490E-3	1.806970E-4	-1.000340E-2	1.828670E-5	2.059750E+2	1.630710E+2	8.312360E+2
2.054220E+2	9.997530E-3	1.784560E-4	-1.000340E-2	2.076630E-5	2.048240E+2	1.617360E+2	8.352370E+2
2.042690E+2	9.997430E-3	1.861100E-4	-1.000340E-2	3.063680E-5	2.036740E+2	1.604060E+2	8.392380E+2
2.031220E+2	9.997490E-3	1.911160E-4	-1.000330E-2	3.840920E-5	2.025250E+2	1.590810E+2	8.432370E+2
2.019670E+2	9.997390E-3	1.930950E-4	-1.000330E-2	3.793240E-5	2.013720E+2	1.577610E+2	8.472380E+2
2.008130E+2	9.997380E-3	1.838680E-4	-1.000330E-2	2.865790E-5	2.002100E+2	1.564560E+2	8.512380E+2
1.996550E+2	9.997430E-3	1.786950E-4	-1.000350E-2	2.253060E-5	1.991050E+2	1.551510E+2	8.552480E+2
1.985300E+2	9.997440E-3	1.739500E-4	-1.000350E-2	1.950260E-5	1.979270E+2	1.538610E+2	8.592370E+2
1.973680E+2	9.997460E-3	1.781460E-4	-1.000340E-2	2.799030E-5	1.967670E+2	1.525830E+2	8.632380E+2
1.962030E+2	9.997370E-3	1.832250E-4	-1.000350E-2	3.447530E-5	1.956000E+2	1.512990E+2	8.672370E+2
1.950270E+2	9.997380E-3	1.851800E-4	-1.000350E-2	3.528590E-5	1.944240E+2	1.500250E+2	8.712380E+2
1.938570E+2	9.997300E-3	1.863960E-4	-1.000350E-2	3.182890E-5	1.932640E+2	1.487610E+2	8.752360E+2
1.927090E+2	9.997430E-3	1.754760E-4	-1.000350E-2	1.881120E-5	1.921060E+2	1.474760E+2	8.792380E+2
1.915460E+2	9.997380E-3	1.658200E-4	-1.000350E-2	1.096730E-5	1.909340E+2	1.462020E+2	8.832370E+2
1.903690E+2	9.997430E-3	1.645330E-4	-1.000350E-2	1.757150E-5	1.897650E+2	1.449320E+2	8.872370E+2
1.892020E+2	9.997400E-3	1.670120E-4	-1.000340E-2	2.193450E-5	1.886000E+2	1.436770E+2	8.912490E+2
1.880150E+2	9.997370E-3	1.734970E-4	-1.000360E-2	2.918240E-5	1.874070E+2	1.424180E+2	8.952380E+2
1.868380E+2	9.997370E-3	1.812930E-4	-1.000360E-2	3.385540E-5	1.862120E+2	1.411440E+2	8.992370E+2
1.856500E+2	9.997350E-3	1.805310E-4	-1.000360E-2	3.652570E-5	1.850370E+2	1.399090E+2	9.032360E+2
1.844430E+2	9.997300E-3	4.954340E-5	-1.000350E-2	-9.367470E-5	1.838340E+2	1.386450E+2	9.072370E+2
1.832540E+2	9.997430E-3	5.097390E-5	-1.000360E-2	-8.974080E-5	1.826360E+2	1.373960E+2	9.112380E+2
1.820600E+2	9.997540E-3	4.487040E-5	-1.000350E-2	-9.343620E-5	1.814470E+2	1.362230E+2	9.152370E+2
1.808900E+2	9.997560E-3	4.117490E-5	-1.000340E-2	-1.015190E-4	1.802730E+2	1.350040E+2	9.192380E+2
1.796990E+2	9.997430E-3	3.709790E-5	-1.000350E-2	-1.034980E-4	1.790900E+2	1.338030E+2	9.232380E+2
1.785140E+2	9.997350E-3	3.108980E-5	-1.000350E-2	-1.062390E-4	1.779040E+2	1.325910E+2	9.272480E+2
1.773290E+2	9.997300E-3	3.237720E-5	-1.000350E-2	-1.054760E-4	1.767220E+2	1.314110E+2	9.312380E+2
1.761480E+2	9.997370E-3	3.030300E-5	-1.000340E-2	-1.069070E-4	1.755400E+2	1.302610E+2	9.352370E+2
1.749690E+2	9.997300E-3	3.023150E-5	-1.000340E-2	-1.051190E-4	1.743510E+2	1.290830E+2	9.392370E+2
1.737840E+2	9.997370E-3	3.185270E-5	-1.000350E-2	-1.011370E-4	1.731820E+2	1.278820E+2	9.432380E+2
1.726060E+2	9.997350E-3	3.128050E-5	-1.000340E-2	-1.035210E-4	1.720000E+2	1.266920E+2	9.472380E+2
1.714230E+2	9.997300E-3	2.975460E-5	-1.000350E-2	-1.030450E-4	1.708140E+2	1.255230E+2	9.512370E+2
1.702390E+2	9.997300E-3	3.230570E-5	-1.000340E-2	-9.946820E-5	1.696320E+2	1.243980E+2	9.552380E+2
1.690640E+2	9.997500E-3	3.290180E-5	-1.000340E-2	-9.789470E-5	1.684490E+2	1.232830E+2	9.592380E+2
1.678860E+2	9.997490E-3	3.516670E-5	-1.000340E-2	-9.469990E-5	1.672750E+2	1.221660E+2	9.632500E+2
1.667080E+2	9.997540E-3	3.325940E-5	-1.000340E-2	-9.200570E-5	1.661060E+2	1.210360E+2	9.672380E+2
1.655240E+2	9.997430E-3	3.488060E-5	-1.000340E-2	-9.379390E-5	1.649210E+2	1.199550E+2	9.712370E+2
1.643430E+2	9.997450E-3	3.128050E-5	-1.000340E-2	-9.114740E-5	1.637340E+2	1.188610E+2	9.752370E+2
1.631710E+2	9.997390E-3	3.774170E-5	-1.000350E-2	-8.902550E-5	1.625560E+2	1.177550E+2	9.792380E+2
1.619940E+2	9.997450E-3	4.045960E-5	-1.000340E-2	-8.721350E-5	1.613810E+2	1.166550E+2	9.832380E+2
1.608160E+2	9.997510E-3	4.498960E-5	-1.000330E-2	-8.106230E-5	1.602040E+2	1.155900E+2	9.872370E+2
1.596380E+2	9.997420E-3	4.842280E-5	-1.000340E-2	-7.894040E-5	1.590370E+2	1.145030E+2	9.912370E+2
1.584720E+2	9.997410E-3	4.823210E-5	-1.000340E-2	-7.374290E-5	1.578620E+2	1.134420E+2	9.952370E+2
1.572980E+2	9.997320E-3	5.095000E-5	-1.000330E-2	-6.754400E-5	1.566850E+2	1.124020E+2	9.992490E+2
1.561240E+2	9.997340E-3	5.478860E-5	-1.000340E-2	-6.220340E-5	1.555170E+2	1.114080E+2	1.003238E+3
1.549500E+2	9.997370E-3	6.082060E-5	-1.000340E-2	-5.831720E-5	1.543440E+2	1.103860E+2	1.007236E+3
1.537810E+2	9.997260E-3	5.753040E-5	-1.000340E-2	-6.048680E-5	1.531800E+2	1.093450E+2	1.011237E+3
1.526090E+2	9.997420E-3	6.337170E-5	-1.000350E-2	-4.677770E-5	1.520080E+2	1.083470E+2	1.015238E+3
1.514410E+2	9.997410E-3	6.997590E-5	-1.000360E-2	-4.935260E-5	1.508390E+2	1.073710E+2	1.019237E+3
1.502770E+2	9.997310E-3	6.747250E-5	-1.000350E-2	-4.885200E-5	1.496810E+2	1.063730E+2	1.023238E+3
1.491150E+2	9.997530E-3	6.625650E-5	-1.000350E-2	-4.589560E-5	1.485120E+2	1.053780E+2	1.027238E+3
1.479480E+2	9.997440E-3	6.835460E-5	-1.000350E-2	-4.701610E-5	1.473520E+2	1.043970E+2	1.031237E+3
1.467880E+2	9.997400E-3	6.573200E-5	-1.000350E-2	-4.639630E-5	1.461900E+2	1.034410E+2	1.035250E+3
1.456280E+2	9.997440E-3	6.477830E-5	-1.000340E-2	-4.673000E-5	1.450240E+2	1.024880E+2	1.039237E+3
1.444610E+2	9.997440E-3	6.513600E-5	-1.000340E-2	-4.293920E-5	1.438620E+2	1.015560E+2	1.043239E+3
1.432960E+2	9.997430E-3	7.262230E-5	-1.000350E-2	-3.745560E-5	1.426750E+2	1.006190E+2	1.047238E+3
1.420990E+2	9.997540E-3	6.954670E-5	-1.000350E-2	-3.688340E-5	1.414880E+2	9.967500E+1	1.051237E+3
1.409240E+2	9.997540E-3	7.216930E-5	-1.000350E-2	-3.607270E-5	1.403170E+2	9.875700E+1	1.055238E+3
1.397510E+2	9.997480E-3	7.309910E-5	-1.000360E-2	-3.762250E-5	1.391430E+2	9.787300E+1	1.059238E+3
1.385720E+2	9.997480E-3	6.859300E-5	-1.000360E-2	-4.189010E-5	1.379640E+2	9.703400E+1	1.063238E+3
1.373970E+2	9.997530E-3	6.895070E-5	-1.000350E-2	-4.019740E-5	1.367820E+2	9.625900E+1	1.067238E+3
1.362070E+2	9.997520E-3	6.904600E-5	-1.000340E-2	-3.390310E-5	1.355960E+2	9.555100E+1	1.071248E+3
1.350270E+2	9.997430E-3	6.728170E-5	-1.000350E-2	-3.168580E-5	1.344110E+2	9.489200E+1	1.075237E+3
1.338450E+2	9.997480E-3	6.916520E-5	-1.000350E-2	-3.371240E-5	1.332320E+2	9.424100E+1	1.079236E+3
1.326610E+2	9.997460E-3	7.236000E-5	-1.000350E-2	-3.197190E-5	1.320490E+2	9.355900E+1	1.083237E+3
1.314740E+2	9.997480E-3	7.014270E-5	-1.000350E-2	-3.199580E-5	1.308710E+2	9.264600E+1	1.087237E+3
1.303030E+2	9.997430E-3	6.690030E-5	-1.000350E-2	-3.376010E-5	1.296900E+2	9.132200E+1	1.091237E+3
1.291140E+2	9.997460E-3	6.620880E-5	-1.000340E-2	-3.187660E-5	1.284760E+2	8.991100E+1	1.095238E+3
1.278620E+2	9.997400E-3	6.537440E-5	-1.000350E-2	-3.538130E-5	1.272140E+2	8.881700E+1	1.099238E+3
1.265980E+2	9.997410E-3	6.763940E-5	-1.000350E-2	-2.827640E-5	1.259280E+2	8.813500E+1	1.103236E+3
1.253020E+2	9.997370E-3	7.479190E-5	-1.000350E-2	-2.262590E-5	1.246380E+2	8.764900E+1	1.107248E+3
1.240510E+2	9.997480E-3	7.448200E-5	-1.000340E-2	-1.835820E-5	1.234260E+2	8.729200E+1	1.111237E+3
1.228460E+2	9.997410E-3	7.369520E-5	-1.000330E-2	-1.983640E-5	1.222520E+2	8.702700E+1	1.115238E+3
1.217020E+2	9.997460E-3	7.545950E-5	-1.000340E-2	-1.144410E-5	1.211150E+2	8.688300E+1	1.119238E+3
1.205680E+2	9.997390E-3	8.008480E-5	-1.000340E-2	-9.512900E-6	1.199840E+2	8.687900E+1	1.123237E+3
1.194540E+2	9.997420E-3	8.265970E-5	-1.000350E-2	-7.462500E-6	1.188830E+2	8.691900E+1	1.127238E+3
1.183540E+2	9.997360E-3	8.363720E-5	-1.000340E-2	-5.245210E-6	1.177890E+2	8.695400E+1	1.131237E+3
1.172660E+2	9.997560E-3	8.420940E-5	-1.000340E-2	-6.580350E-6	1.167210E+2	8.698000E+1	1.135236E+3
1.162190E+2	9.997470E-3	8.416180E-5	-1.000340E-2	-1.621250E-6	1.156840E+2	8.699000E+1	1.139236E+3
1.151990E+2	9.997380E-3	8.673670E-5	-1.000330E-2	-1.072880E-6	1.146790E+2	8.702500E+1	1.143248E+3
1.141910E+2	9.997370E-3	8.797650E-5	-1.000330E-2	-2.598760E-6	1.136880E+2	8.703600E+1	1.147237E+3
1.132250E+2	9.997300E-3	8.888250E-5	-1.000350E-2	2.503400E-6	1.127430E+2	8.702600E+1	1.151238E+3
1.122930E+2	9.997320E-3	9.074210E-5	-1.000350E-2	5.269050E-6	1.118230E+2	8.700200E+1	1.155237E+3
1.113910E+2	9.997420E-3	8.938310E-5	-1.000350E-2	6.103520E-6	1.109170E+2	8.699000E+1	1.159238E+3
1.104830E+2	9.997330E-3	8.172990E-5	-1.000350E-2	3.576280E-6	1.100230E+2	8.697600E+1	1.163238E+3
1.096060E+2	9.997450E-3	8.392330E-5	-1.000350E-2	1.835820E-6	1.091580E+2	8.697700E+1	1.167238E+3
1.087560E+2	9.997430E-3	7.708070E-5	-1.000340E-2	-5.984310E-6	1.083340E+2	8.703200E+1	1.171237E+3
1.079420E+2	9.997530E-3	6.105900E-5	-1.000350E-2	-2.148150E-5	1.075300E+2	8.708100E+1	1.175237E+3
1.071560E+2	9.997420E-3	5.428790E-5	-1.000340E-2	-2.753730E-5	1.067620E+2	8.711000E+1	1.179249E+3
1.063930E+2	9.997440E-3	4.820820E-5	-1.000340E-2	-2.491470E-5	1.060050E+2	8.711400E+1	1.183237E+3
1.056440E+2	9.997470E-3	5.145070E-5	-1.000340E-2	-2.903940E-5	1.052640E+2	8.710200E+1	1.187237E+3
1.049110E+2	9.997460E-3	4.234310E-5	-1.000340E-2	-3.445150E-5	1.045390E+2	8.707200E+1	1.191238E+3
1.041910E+2	9.997460E-3	4.651550E-5	-1.000340E-2	-3.137590E-5	1.038290E+2	8.702100E+1	1.195238E+3
1.034930E+2	9.997430E-3	4.251000E-5	-1.000350E-2	-3.209110E-5	1.031390E+2	8.697100E+1	1.199238E+3
1.028120E+2	9.997510E-3	3.705020E-5	-1.000340E-2	-3.042220E-5	1.024550E+2	8.692000E+1	1.203238E+3
1.021180E+2	9.997530E-3	4.465580E-5	-1.000340E-2	-2.803800E-5	1.017620E+2	8.689700E+1	1.207237E+3
1.014330E+2	9.997420E-3	4.827980E-5	-1.000350E-2	-2.617840E-5	1.010880E+2	8.689100E+1	1.211238E+3
1.007680E+2	9.997460E-3	4.975800E-5	-1.000340E-2	-2.331730E-5	1.004350E+2	8.692100E+1	1.215250E+3
1.001260E+2	9.997440E-3	4.570480E-5	-1.000340E-2	-2.198220E-5	9.980400E+1	8.698700E+1	1.219238E+3
9.950600E+1	9.997480E-3	4.401210E-5	-1.000360E-2	-2.219680E-5	9.919400E+1	8.704300E+1	1.223238E+3
9.890600E+1	9.997470E-3	4.363060E-5	-1.000340E-2	-2.279280E-5	9.860200E+1	8.706000E+1	1.227236E+3
9.832600E+1	9.997530E-3	4.539490E-5	-1.000340E-2	-2.310280E-5	9.803200E+1	8.705500E+1	1.231237E+3
9.776100E+1	9.997530E-3	4.432200E-5	-1.000330E-2	-1.914500E-5	9.747700E+1	8.703400E+1	1.235238E+3
9.721800E+1	9.997490E-3	5.288120E-5	-1.000330E-2	-9.846690E-6	9.693800E+1	8.700400E+1	1.239237E+3
9.668000E+1	9.997510E-3	5.114080E-5	-1.000330E-2	-9.012220E-6	9.641100E+1	8.697000E+1	1.243238E+3
9.615800E+1	9.997540E-3	5.779270E-5	-1.000330E-2	-5.626680E-6	9.589100E+1	8.692000E+1	1.247236E+3
9.563700E+1	9.997560E-3	5.934240E-5	-1.000330E-2	1.764300E-6	9.537000E+1	8.688800E+1	1.251250E+3
9.511800E+1	9.997490E-3	6.880760E-5	-1.000330E-2	1.177790E-5	9.486200E+1	8.686100E+1	1.255238E+3
9.462300E+1	9.997490E-3	6.489750E-5	-1.000320E-2	7.724760E-6	9.436300E+1	8.685600E+1	1.259238E+3
9.412900E+1	9.997490E-3	6.001000E-5	-1.000330E-2	3.457070E-6	9.387500E+1	8.683100E+1	1.263237E+3
9.365200E+1	9.997460E-3	5.235670E-5	-1.000340E-2	4.100800E-6	9.341200E+1	8.680600E+1	1.267238E+3
9.319200E+1	9.997630E-3	4.324910E-5	-1.000350E-2	2.067090E-5	9.295800E+1	8.678900E+1	1.271238E+3
9.274200E+1	9.997450E-3	2.207760E-5	-1.000350E-2	4.098420E-5	9.251600E+1	8.680200E+1	1.275236E+3
9.230400E+1	9.997470E-3	1.056190E-5	-1.000340E-2	6.814000E-5	9.208500E+1	8.685900E+1	1.279285E+3
9.188000E+1	9.997450E-3	5.030630E-6	-1.000350E-2	3.530980E-5	9.166600E+1	8.691300E+1	1.283238E+3
9.147100E+1	9.997520E-3	-2.384190E-8	-1.000330E-2	3.747940E-5	9.125900E+1	8.698700E+1	1.287250E+3
9.107300E+1	9.997500E-3	-1.621250E-6	-1.000350E-2	4.172330E-5	9.087600E+1	8.705700E+1	1.291237E+3
9.069500E+1	9.997520E-3	-4.291530E-7	-1.000350E-2	4.081730E-5	9.050100E+1	8.713100E+1	1.295237E+3
9.032700E+1	9.997520E-3	-1.096730E-6	-1.000340E-2	4.289150E-5	9.013200E+1	8.717800E+1	1.299238E+3
8.996600E+1	9.997420E-3	-1.192090E-6	-1.000330E-2	4.358290E-5	8.978900E+1	8.731200E+1	1.303237E+3
8.963300E+1	9.997480E-3	3.170970E-6	-1.000330E-2	4.568100E-5	8.946600E+1	8.734400E+1	1.307238E+3
8.931300E+1	9.997320E-3	6.270410E-6	-1.000330E-2	4.708770E-5	8.914900E+1	8.733800E+1	1.311236E+3
8.899400E+1	9.997320E-3	1.063350E-5	-1.000330E-2	5.080700E-5	8.882400E+1	8.732000E+1	1.315237E+3
8.866800E+1	9.997460E-3	1.945500E-5	-1.000340E-2	6.215570E-5	8.851100E+1	8.729000E+1	1.319237E+3
8.836000E+1	9.997450E-3	3.225800E-5	-1.000360E-2	6.742480E-5	8.820100E+1	8.725800E+1	1.323249E+3
8.805600E+1	9.997530E-3	4.019740E-5	-1.000340E-2	8.273120E-5	8.790300E+1	8.721200E+1	1.327238E+3
8.776200E+1	9.997570E-3	4.932880E-5	-1.000340E-2	9.152890E-5	8.761300E+1	8.710700E+1	1.331238E+3
8.747400E+1	9.997620E-3	5.846020E-5	-1.000340E-2	9.844300E-5	8.732600E+1	8.693800E+1	1.335236E+3
8.718900E+1	9.997540E-3	5.810260E-5	-1.000340E-2	9.973050E-5	8.704200E+1	8.670900E+1	1.339237E+3
8.690200E+1	9.997510E-3	6.008150E-5	-1.000330E-2	9.622570E-5	8.675200E+1	8.649600E+1	1.343238E+3
8.661000E+1	9.997510E-3	5.903240E-5	-1.000340E-2	9.398460E-5	8.645500E+1	8.631800E+1	1.347237E+3
8.631000E+1	9.997600E-3	4.889970E-5	-1.000340E-2	8.528230E-5	8.616100E+1	8.625500E+1	1.351238E+3
8.602300E+1	9.997450E-3	3.628730E-5	-1.000340E-2	7.002350E-5	8.587600E+1	8.627400E+1	1.355238E+3
8.574300E+1	9.997520E-3	2.899170E-5	-1.000340E-2	6.401540E-5	8.559500E+1	8.638900E+1	1.359251E+3
8.547000E+1	9.997340E-3	1.776220E-5	-1.000350E-2	5.829330E-5	8.533900E+1	8.663300E+1	1.363241E+3
8.522000E+1	9.997400E-3	1.592640E-5	-1.000330E-2	5.562310E-5	8.509100E+1	8.687700E+1	1.367238E+3
8.498100E+1	9.997480E-3	7.724760E-6	-1.000330E-2	4.892350E-5	8.486600E+1	8.710900E+1	1.371237E+3
8.475900E+1	9.997340E-3	2.360340E-6	-1.000340E-2	4.432200E-5	8.465300E+1	8.739700E+1	1.375238E+3
8.455700E+1	9.997490E-3	4.673000E-6	-1.000350E-2	4.556180E-5	8.446500E+1	8.765600E+1	1.379237E+3
8.438600E+1	9.997530E-3	5.745890E-6	-1.000340E-2	4.944800E-5	8.430100E+1	8.764600E+1	1.383236E+3
8.422000E+1	9.997530E-3	1.764300E-5	-1.000350E-2	5.619530E-5	8.412700E+1	8.732100E+1	1.387237E+3
8.403400E+1	9.997570E-3	2.300740E-5	-1.000360E-2	6.291870E-5	8.393500E+1	8.715100E+1	1.391238E+3
8.384700E+1	9.997480E-3	2.205370E-5	-1.000350E-2	6.783010E-5	8.375000E+1	8.698700E+1	1.395250E+3
8.366500E+1	9.997490E-3	3.595350E-5	-1.000360E-2	8.254050E-5	8.356400E+1	8.683700E+1	1.399241E+3
8.347400E+1	9.997530E-3	4.649160E-5	-1.000330E-2	9.086130E-5	8.337500E+1	8.674700E+1	1.403237E+3
8.328400E+1	9.997450E-3	5.562310E-5	-1.000340E-2	9.698870E-5	8.319300E+1	8.677800E+1	1.407238E+3
8.310700E+1	9.997510E-3	5.776880E-5	-1.000340E-2	9.911060E-5	8.301800E+1	8.683800E+1	1.411238E+3
8.293700E+1	9.997340E-3	5.912780E-5	-1.000350E-2	1.010660E-4	8.285000E+1	8.685800E+1	1.415238E+3
8.277400E+1	9.997390E-3	6.067750E-5	-1.000330E-2	1.026870E-4	8.269100E+1	8.684000E+1	1.419237E+3
8.261700E+1	9.997420E-3	5.726810E-5	-1.000340E-2	9.627340E-5	8.253700E+1	8.678800E+1	1.423238E+3
8.246000E+1	9.997480E-3	4.813670E-5	-1.000340E-2	8.952620E-5	8.237600E+1	8.670700E+1	1.427238E+3
8.230300E+1	9.997510E-3	5.156990E-5	-1.000330E-2	8.907320E-5	8.222400E+1	8.664700E+1	1.431251E+3
8.214800E+1	9.997420E-3	4.553790E-5	-1.000340E-2	8.614060E-5	8.207600E+1	8.664800E+1	1.435242E+3
8.201200E+1	9.997410E-3	2.715590E-5	-1.000340E-2	6.892680E-5	8.193700E+1	8.673800E+1	1.439238E+3
8.187000E+1	9.997440E-3	1.897810E-5	-1.000340E-2	5.850790E-5	8.180100E+1	8.687800E+1	1.443237E+3
8.174300E+1	9.997530E-3	1.599790E-5	-1.000340E-2	5.042550E-5	8.168400E+1	8.703100E+1	1.447239E+3
8.162300E+1	9.997400E-3	7.677080E-6	-1.000350E-2	4.701610E-5	8.156300E+1	8.708000E+1	1.451237E+3
8.150800E+1	9.997430E-3	4.291530E-6	-1.000340E-2	4.796980E-5	8.144700E+1	8.708200E+1	1.455237E+3
8.139300E+1	9.997480E-3	1.711850E-5	-1.000340E-2	5.817410E-5	8.133300E+1	8.701300E+1	1.459236E+3
8.128000E+1	9.997550E-3	2.784730E-5	-1.000350E-2	6.608960E-5	8.122200E+1	8.693400E+1	1.463238E+3
8.116900E+1	9.997420E-3	3.757480E-5	-1.000340E-2	8.320810E-5	8.111200E+1	8.681700E+1	1.467252E+3
8.106000E+1	9.997550E-3	4.911420E-5	-1.000340E-2	9.243490E-5	8.100600E+1	8.667100E+1	1.471238E+3
8.095300E+1	9.997440E-3	6.015300E-5	-1.000350E-2	1.020190E-4	8.089400E+1	8.654500E+1	1.475237E+3
8.084000E+1	9.997500E-3	6.520750E-5	-1.000340E-2	1.043320E-4	8.078400E+1	8.647800E+1	1.479238E+3
8.073000E+1	9.997410E-3	6.666180E-5	-1.000360E-2	1.053810E-4	8.067500E+1	8.655200E+1	1.483238E+3
8.062700E+1	9.997370E-3	6.003380E-5	-1.000350E-2	1.046900E-4	8.058100E+1	8.668600E+1	1.487238E+3
8.053300E+1	9.997360E-3	5.645750E-5	-1.000350E-2	9.210110E-5	8.048600E+1	8.678300E+1	1.491237E+3
8.044600E+1	9.997460E-3	4.062650E-5	-1.000340E-2	7.894040E-5	8.039900E+1	8.687600E+1	1.495238E+3
8.035500E+1	9.997470E-3	3.662110E-5	-1.000340E-2	6.928440E-5	8.031400E+1	8.691000E+1	1.499237E+3
8.027800E+1	9.997520E-3	1.401900E-5	-1.000340E-2	5.924700E-5	8.023600E+1	8.691900E+1	1.503251E+3
8.019900E+1	9.997600E-3	7.057190E-6	-1.000360E-2	5.087850E-5	8.015600E+1	8.692400E+1	1.507237E+3
8.012100E+1	9.997500E-3	3.957750E-6	-1.000350E-2	4.472730E-5	8.008500E+1	8.690400E+1	1.511237E+3
8.004900E+1	9.997530E-3	7.820130E-6	-1.000350E-2	5.238060E-5	8.001100E+1	8.687600E+1	1.515238E+3
7.997500E+1	9.997520E-3	1.266000E-5	-1.000350E-2	5.834100E-5	7.993900E+1	8.683900E+1	1.519238E+3
7.990500E+1	9.997470E-3	2.713200E-5	-1.000350E-2	7.302760E-5	7.986900E+1	8.676100E+1	1.523239E+3
7.983300E+1	9.997540E-3	4.215240E-5	-1.000350E-2	9.133820E-5	7.979500E+1	8.666200E+1	1.527237E+3
7.975600E+1	9.997440E-3	5.638600E-5	-1.000360E-2	1.047610E-4	7.972100E+1	8.660300E+1	1.531236E+3
7.968700E+1	9.997490E-3	6.442070E-5	-1.000360E-2	1.054760E-4	7.965300E+1	8.659700E+1	1.535238E+3
7.962000E+1	9.997530E-3	5.884170E-5	-1.000340E-2	9.753700E-5	7.958400E+1	8.663700E+1	1.539252E+3
7.955100E+1	9.997490E-3	3.864770E-5	-1.000330E-2	7.598400E-5	7.952100E+1	8.667400E+1	1.543238E+3
7.949100E+1	9.997490E-3	1.730920E-5	-1.000340E-2	5.683900E-5	7.945900E+1	8.671600E+1	1.547237E+3
7.942800E+1	9.997580E-3	3.623960E-6	-1.000340E-2	5.040170E-5	7.940000E+1	8.674600E+1	1.551239E+3
7.937600E+1	9.997530E-3	1.373290E-5	-1.000340E-2	4.935260E-5	7.934700E+1	8.676800E+1	1.555238E+3
7.932100E+1	9.997590E-3	2.319810E-5	-1.000340E-2	6.952290E-5	7.929300E+1	8.680100E+1	1.559238E+3
7.926900E+1	9.997400E-3	5.350110E-5	-1.000350E-2	9.698870E-5	7.924200E+1	8.681300E+1	1.563237E+3
7.921600E+1	9.997520E-3	6.718640E-5	-1.000350E-2	1.074310E-4	7.918700E+1	8.676800E+1	1.567238E+3
7.915900E+1	9.997420E-3	6.499290E-5	-1.000340E-2	1.029970E-4	7.913200E+1	8.668900E+1	1.571238E+3
7.910400E+1	9.997450E-3	5.087850E-5	-1.000340E-2	8.301740E-5	7.907800E+1	8.661900E+1	1.575251E+3
7.904700E+1	9.997590E-3	2.348420E-5	-1.000340E-2	6.229880E-5	7.902100E+1	8.655800E+1	1.579238E+3
7.899300E+1	9.997400E-3	1.513960E-5	-1.000340E-2	5.037780E-5	7.896000E+1	8.651600E+1	1.583238E+3
7.893800E+1	9.997500E-3	1.001360E-5	-1.000340E-2	4.827980E-5	7.891000E+1	8.648000E+1	1.587238E+3
7.888000E+1	9.997430E-3	1.499650E-5	-1.000340E-2	5.319120E-5	7.885400E+1	8.646300E+1	1.591239E+3
7.883000E+1	9.997340E-3	2.989770E-5	-1.000340E-2	8.294580E-5	7.880400E+1	8.649200E+1	1.595238E+3
7.878000E+1	9.997560E-3	5.795960E-5	-1.000340E-2	1.019480E-4	7.875400E+1	8.653900E+1	1.599238E+3
7.873200E+1	9.997410E-3	6.401540E-5	-1.000350E-2	1.067640E-4	7.870800E+1	8.656900E+1	1.603238E+3
7.868500E+1	9.997330E-3	5.562310E-5	-1.000360E-2	9.489060E-5	7.866200E+1	8.660500E+1	1.607239E+3
7.864700E+1	9.997350E-3	3.149510E-5	-1.000360E-2	6.966590E-5	7.862200E+1	8.662500E+1	1.611251E+3
7.860200E+1	9.997460E-3	1.556870E-5	-1.000350E-2	5.223750E-5	7.858100E+1	8.663900E+1	1.615237E+3
7.856500E+1	9.997520E-3	8.630750E-6	-1.000330E-2	4.768370E-5	7.854400E+1	8.665500E+1	1.619238E+3
7.852700E+1	9.997440E-3	6.508830E-6	-1.000360E-2	5.137920E-5	7.850900E+1	8.665500E+1	1.623237E+3
7.849200E+1	9.997520E-3	1.711850E-5	-1.000340E-2	5.707740E-5	7.846900E+1	8.665600E+1	1.627238E+3
7.845500E+1	9.997390E-3	3.280640E-5	-1.000350E-2	7.021430E-5	7.843700E+1	8.664800E+1	1.631239E+3
7.842300E+1	9.997440E-3	5.233290E-5	-1.000350E-2	9.579660E-5	7.840300E+1	8.663200E+1	1.635238E+3
7.838900E+1	9.997490E-3	5.741120E-5	-1.000350E-2	1.046900E-4	7.837400E+1	8.662100E+1	1.639238E+3
7.835900E+1	9.997500E-3	6.871220E-5	-1.000350E-2	1.088620E-4	7.834000E+1	8.661200E+1	1.643238E+3
7.832800E+1	9.997420E-3	5.755420E-5	-1.000350E-2	1.004700E-4	7.831400E+1	8.659800E+1	1.647250E+3
7.829800E+1	9.997530E-3	5.080700E-5	-1.000340E-2	8.509160E-5	7.828300E+1	8.659700E+1	1.651237E+3
7.826900E+1	9.997500E-3	3.314020E-5	-1.000350E-2	7.843970E-5	7.825400E+1	8.663500E+1	1.655238E+3
7.824200E+1	9.997400E-3	2.822880E-5	-1.000350E-2	6.461140E-5	7.823100E+1	8.666400E+1	1.659239E+3
7.821400E+1	9.997400E-3	1.964570E-5	-1.000340E-2	5.724430E-5	7.820500E+1	8.669900E+1	1.663238E+3
7.819200E+1	9.997530E-3	1.132490E-5	-1.000350E-2	5.030630E-5	7.818300E+1	8.670800E+1	1.667239E+3
7.817100E+1	9.997500E-3	6.937980E-6	-1.000340E-2	5.061630E-5	7.816200E+1	8.673300E+1	1.671238E+3
7.814700E+1	9.997430E-3	8.320810E-6	-1.000350E-2	4.870890E-5	7.814300E+1	8.674900E+1	1.675238E+3
7.813100E+1	9.997500E-3	6.985660E-6	-1.000350E-2	4.870890E-5	7.812000E+1	8.675300E+1	1.679238E+3
7.811100E+1	9.997460E-3	6.890300E-6	-1.000350E-2	4.973410E-5	7.810200E+1	8.674200E+1	1.683252E+3
7.809400E+1	9.997490E-3	5.888940E-6	-1.000350E-2	5.095000E-5	7.808300E+1	8.672600E+1	1.687237E+3
7.807400E+1	9.997480E-3	6.675720E-6	-1.000350E-2	4.644390E-5	7.806800E+1	8.669500E+1	1.691239E+3
7.805700E+1	9.997370E-3	7.534030E-6	-1.000350E-2	5.240440E-5	7.804600E+1	8.665000E+1	1.695240E+3
7.804200E+1	9.997280E-3	1.909730E-5	-1.000360E-2	5.958080E-5	7.802700E+1	8.660200E+1	1.699239E+3
7.801900E+1	9.997410E-3	3.714560E-5	-1.000350E-2	7.679460E-5	7.800900E+1	8.655900E+1	1.703237E+3
7.800000E+1	9.997300E-3	4.932880E-5	-1.000350E-2	9.405610E-5	7.798800E+1	8.651400E+1	1.707238E+3
7.797900E+1	9.997300E-3	5.609990E-5	-1.000340E-2	1.037360E-4	7.796300E+1	8.647700E+1	1.711238E+3
7.795600E+1	9.997510E-3	6.606580E-5	-1.000350E-2	1.084570E-4	7.794300E+1	8.647800E+1	1.715239E+3
7.793500E+1	9.997390E-3	6.163120E-5	-1.000350E-2	9.996890E-5	7.792300E+1	8.649800E+1	1.719251E+3
7.791400E+1	9.997560E-3	4.813670E-5	-1.000340E-2	8.499620E-5	7.790400E+1	8.656100E+1	1.723238E+3
7.789800E+1	9.997550E-3	3.316400E-5	-1.000340E-2	7.197860E-5	7.788900E+1	8.665000E+1	1.727239E+3
7.788600E+1	9.997450E-3	1.997950E-5	-1.000340E-2	5.178450E-5	7.787600E+1	8.670100E+1	1.731238E+3
7.787600E+1	9.997360E-3	8.749960E-6	-1.000340E-2	4.980560E-5	7.786800E+1	8.677900E+1	1.735238E+3
7.786700E+1	9.997440E-3	1.127720E-5	-1.000340E-2	4.868510E-5	7.785900E+1	8.680800E+1	1.739238E+3
7.785600E+1	9.997440E-3	9.036060E-6	-1.000350E-2	5.056860E-5	7.785300E+1	8.681900E+1	1.743238E+3
7.785000E+1	9.997340E-3	1.161100E-5	-1.000350E-2	5.671980E-5	7.784500E+1	8.679500E+1	1.747239E+3
7.784300E+1	9.997520E-3	2.985000E-5	-1.000340E-2	6.580350E-5	7.783700E+1	8.675700E+1	1.751238E+3
7.783100E+1	9.997500E-3	3.674030E-5	-1.000340E-2	8.037090E-5	7.782700E+1	8.670100E+1	1.755252E+3
7.782400E+1	9.997460E-3	5.068780E-5	-1.000340E-2	9.911060E-5	7.781800E+1	8.663500E+1	1.759239E+3
7.781400E+1	9.997530E-3	4.975800E-5	-1.000350E-2	9.257790E-5	7.780400E+1	8.655900E+1	1.763238E+3
7.779900E+1	9.997370E-3	5.044940E-5	-1.000350E-2	9.562970E-5	7.779200E+1	8.648400E+1	1.767239E+3
7.778400E+1	9.997420E-3	5.924700E-5	-1.000350E-2	1.026630E-4	7.777300E+1	8.641900E+1	1.771238E+3
7.776600E+1	9.997490E-3	6.675720E-5	-1.000340E-2	1.071450E-4	7.775800E+1	8.637500E+1	1.775239E+3
7.774800E+1	9.997380E-3	6.592270E-5	-1.000350E-2	1.057390E-4	7.774000E+1	8.634400E+1	1.779239E+3
7.773200E+1	9.997490E-3	6.725790E-5	-1.000350E-2	1.097920E-4	7.772200E+1	8.632600E+1	1.783238E+3
7.771600E+1	9.997570E-3	6.718640E-5	-1.000340E-2	1.081940E-4	7.770800E+1	8.636000E+1	1.787239E+3
7.769800E+1	9.997500E-3	6.568430E-5	-1.000360E-2	1.072880E-4	7.769500E+1	8.645100E+1	1.791251E+3
7.768900E+1	9.997410E-3	6.597040E-5	-1.000350E-2	1.049520E-4	7.768300E+1	8.657000E+1	1.795239E+3
7.768300E+1	9.997370E-3	6.778240E-5	-1.000360E-2	1.117230E-4	7.767900E+1	8.669200E+1	1.799240E+3
7.767900E+1	9.997430E-3	6.868840E-5	-1.000350E-2	1.097440E-4	7.768000E+1	8.681700E+1	1.803238E+3
7.768600E+1	9.997510E-3	6.637570E-5	-1.000340E-2	1.083610E-4	7.769000E+1	8.689800E+1	1.807238E+3
7.768800E+1	9.997560E-3	5.462170E-5	-1.000340E-2	9.655950E-5	7.768600E+1	8.691700E+1	1.811238E+3
7.768700E+1	9.997530E-3	3.342630E-5	-1.000340E-2	6.906990E-5	7.769300E+1	8.692300E+1	1.815238E+3
7.769100E+1	9.997540E-3	1.809600E-5	-1.000350E-2	5.929470E-5	7.768100E+1	8.688600E+1	1.819240E+3
7.768100E+1	9.997450E-3	1.575950E-5	-1.000350E-2	5.228520E-5	7.768500E+1	8.684200E+1	1.823240E+3
7.767900E+1	9.997520E-3	5.698200E-6	-1.000340E-2	4.367830E-5	7.768400E+1	8.678400E+1	1.827252E+3
7.768200E+1	9.997390E-3	1.838210E-5	-1.000350E-2	5.621910E-5	7.767900E+1	8.671200E+1	1.831240E+3
7.767700E+1	9.997500E-3	2.384190E-5	-1.000340E-2	6.504060E-5	7.767500E+1	8.661600E+1	1.835239E+3
7.767100E+1	9.997390E-3	3.523830E-5	-1.000340E-2	8.521080E-5	7.766400E+1	8.650500E+1	1.839240E+3
7.766100E+1	9.997360E-3	4.885200E-5	-1.000340E-2	9.608270E-5	7.765600E+1	8.639900E+1	1.843239E+3
7.764800E+1	9.997530E-3	6.160740E-5	-1.000350E-2	1.020910E-4	7.764200E+1	8.630600E+1	1.847238E+3
7.763400E+1	9.997390E-3	7.469650E-5	-1.000360E-2	1.074080E-4	7.762900E+1	8.623500E+1	1.851240E+3
7.761800E+1	9.997380E-3	6.663800E-5	-1.000360E-2	1.079560E-4	7.761100E+1	8.619600E+1	1.855239E+3
7.759900E+1	9.997340E-3	6.475450E-5	-1.000340E-2	1.079560E-4	7.758900E+1	8.617500E+1	1.859239E+3
7.758300E+1	9.997440E-3	6.887910E-5	-1.000340E-2	1.086240E-4	7.757400E+1	8.616400E+1	1.863251E+3
7.756500E+1	9.997320E-3	6.256100E-5	-1.000330E-2	1.078840E-4	7.755400E+1	8.617200E+1	1.867239E+3
7.754500E+1	9.997430E-3	6.601810E-5	-1.000340E-2	1.092200E-4	7.753900E+1	8.623800E+1	1.871240E+3
7.753800E+1	9.997340E-3	6.306170E-5	-1.000340E-2	1.074080E-4	7.753300E+1	8.638400E+1	1.875238E+3
7.752700E+1	9.997470E-3	6.537440E-5	-1.000340E-2	1.067640E-4	7.753000E+1	8.654000E+1	1.879240E+3
7.752600E+1	9.997440E-3	6.480220E-5	-1.000330E-2	1.074790E-4	7.754000E+1	8.669100E+1	1.883239E+3
7.754800E+1	9.997300E-3	7.214550E-5	-1.000350E-2	1.063820E-4	7.758300E+1	8.683000E+1	1.887240E+3
7.765100E+1	9.997410E-3	6.637570E-5	-1.000340E-2	1.091000E-4	7.772100E+1	8.699600E+1	1.891239E+3
7.778000E+1	9.997500E-3	6.423000E-5	-1.000340E-2	1.032350E-4	7.779600E+1	8.709200E+1	1.895240E+3
7.780700E+1	9.997390E-3	6.086830E-5	-1.000350E-2	1.009460E-4	7.774300E+1	8.705500E+1	1.899251E+3
7.774300E+1	9.997420E-3	6.508830E-5	-1.000350E-2	9.877680E-5	7.772100E+1	8.703600E+1	1.903239E+3
7.768200E+1	9.997410E-3	6.048680E-5	-1.000360E-2	1.003500E-4	7.764800E+1	8.696300E+1	1.907240E+3
7.760300E+1	9.997450E-3	5.941390E-5	-1.000350E-2	9.481910E-5	7.758200E+1	8.689400E+1	1.911240E+3
7.757300E+1	9.997340E-3	5.331040E-5	-1.000360E-2	9.551050E-5	7.754100E+1	8.684800E+1	1.915240E+3
7.754000E+1	9.997440E-3	5.965230E-5	-1.000340E-2	1.006600E-4	7.754500E+1	8.677800E+1	1.919239E+3
7.756200E+1	9.997450E-3	5.738740E-5	-1.000340E-2	9.756090E-5	7.756000E+1	8.665800E+1	1.923240E+3
7.756300E+1	9.997540E-3	6.027220E-5	-1.000350E-2	9.684560E-5	7.756500E+1	8.650300E+1	1.927239E+3
7.756000E+1	9.997530E-3	4.997250E-5	-1.000340E-2	9.779930E-5	7.755400E+1	8.634900E+1	1.931240E+3
7.754700E+1	9.997530E-3	5.271430E-5	-1.000350E-2	9.992120E-5	7.754300E+1	8.621400E+1	1.935253E+3
7.753500E+1	9.997490E-3	5.137920E-5	-1.000340E-2	7.703300E-5	7.752700E+1	8.609800E+1	1.939240E+3
7.751700E+1	9.997490E-3	4.014970E-5	-1.000330E-2	8.034710E-5	7.750600E+1	8.603200E+1	1.943240E+3
7.749900E+1	9.997440E-3	2.822880E-5	-1.000340E-2	7.135870E-5	7.749100E+1	8.601200E+1	1.947241E+3
7.747900E+1	9.997390E-3	1.640320E-5	-1.000340E-2	5.915170E-5	7.747300E+1	8.604100E+1	1.951240E+3
7.746400E+1	9.997490E-3	2.021790E-5	-1.000340E-2	5.581380E-5	7.745500E+1	8.607600E+1	1.955239E+3
7.744500E+1	9.997520E-3	8.225440E-6	-1.000340E-2	5.240440E-5	7.744100E+1	8.614400E+1	1.959240E+3
7.743500E+1	9.997570E-3	7.390980E-6	-1.000340E-2	5.245210E-5	7.743400E+1	8.632400E+1	1.963239E+3
7.743300E+1	9.997560E-3	1.053810E-5	-1.000340E-2	5.207060E-5	7.743700E+1	8.654900E+1	1.967241E+3
7.745200E+1	9.997490E-3	1.730920E-5	-1.000350E-2	5.769730E-5	7.753400E+1	8.675100E+1	1.971252E+3
7.763900E+1	9.997410E-3	1.976490E-5	-1.000350E-2	6.070140E-5	7.773400E+1	8.698700E+1	1.975239E+3
7.779200E+1	9.997430E-3	3.037450E-5	-1.000340E-2	7.288460E-5	7.781500E+1	8.709100E+1	1.979239E+3
7.783000E+1	9.997450E-3	4.086490E-5	-1.000340E-2	8.695130E-5	7.780900E+1	8.709700E+1	1.983240E+3
7.779400E+1	9.997460E-3	4.696850E-5	-1.000350E-2	9.047990E-5	7.778600E+1	8.707000E+1	1.987239E+3
7.775000E+1	9.997530E-3	6.246570E-5	-1.000350E-2	9.961130E-5	7.771500E+1	8.700800E+1	1.991240E+3
7.767600E+1	9.997450E-3	6.947520E-5	-1.000350E-2	1.042840E-4	7.766100E+1	8.696200E+1	1.995239E+3
7.763300E+1	9.997470E-3	6.453990E-5	-1.000340E-2	1.036880E-4	7.760100E+1	8.692300E+1	1.999240E+3
7.758200E+1	9.997390E-3	5.779270E-5	-1.000340E-2	1.031400E-4	7.756000E+1	8.687000E+1	2.003241E+3
7.751700E+1	9.997360E-3	6.282330E-5	-1.000350E-2	1.071930E-4	7.747800E+1	8.681700E+1	2.007254E+3
7.748000E+1	9.997400E-3	6.380080E-5	-1.000340E-2	1.022100E-4	7.744100E+1	8.675600E+1	2.011240E+3
7.745700E+1	9.997500E-3	6.186960E-5	-1.000340E-2	1.002550E-4	7.747500E+1	8.661800E+1	2.015243E+3
7.747900E+1	9.997330E-3	5.459790E-5	-1.000350E-2	9.543900E-5	7.748000E+1	8.645100E+1	2.019240E+3
7.748200E+1	9.997450E-3	4.625320E-5	-1.000340E-2	9.236340E-5	7.747300E+1	8.628300E+1	2.023240E+3
7.746900E+1	9.997470E-3	3.736020E-5	-1.000340E-2	7.617470E-5	7.746000E+1	8.614500E+1	2.027240E+3
7.745400E+1	9.997530E-3	1.909730E-5	-1.000340E-2	6.136890E-5	7.744800E+1	8.602300E+1	2.031241E+3
7.743600E+1	9.997550E-3	9.322170E-6	-1.000340E-2	4.749300E-5	7.742900E+1	8.594500E+1	2.035240E+3
7.741700E+1	9.997540E-3	9.655950E-6	-1.000340E-2	4.625320E-5	7.740900E+1	8.593500E+1	2.039240E+3
7.740000E+1	9.997560E-3	8.559230E-6	-1.000340E-2	4.925730E-5	7.739400E+1	8.595700E+1	2.043253E+3
7.738500E+1	9.997430E-3	1.580720E-5	-1.000350E-2	6.704330E-5	7.737600E+1	8.599800E+1	2.047240E+3
7.736800E+1	9.997420E-3	1.423360E-5	-1.000340E-2	5.233290E-5	7.736200E+1	8.604500E+1	2.051242E+3
7.735500E+1	9.997530E-3	2.818110E-5	-1.000340E-2	6.871220E-5	7.735300E+1	8.619200E+1	2.055239E+3
7.735000E+1	9.997490E-3	2.205370E-5	-1.000350E-2	7.009510E-5	7.735000E+1	8.638400E+1	2.059239E+3
7.735300E+1	9.997330E-3	4.022120E-5	-1.000340E-2	7.922650E-5	7.737500E+1	8.654900E+1	2.063242E+3
7.742800E+1	9.997480E-3	5.059240E-5	-1.000340E-2	9.369850E-5	7.749500E+1	8.673200E+1	2.067241E+3
7.755700E+1	9.997360E-3	6.017690E-5	-1.000350E-2	1.026870E-4	7.761500E+1	8.687500E+1	2.071240E+3
7.771000E+1	9.997420E-3	6.613730E-5	-1.000340E-2	1.502280E-4	7.775100E+1	8.701200E+1	2.074278E+3
7.778200E+1	9.997350E-3	6.546970E-5	-1.000350E-2	1.052140E-4	7.779800E+1	8.706300E+1	2.078242E+3
7.778300E+1	9.997380E-3	5.273820E-5	-1.000340E-2	9.186270E-5	7.774500E+1	8.702800E+1	2.082239E+3
7.772800E+1	9.997410E-3	3.421310E-5	-1.000340E-2	6.716250E-5	7.767800E+1	8.696100E+1	2.086271E+3
7.767200E+1	9.997320E-3	1.673700E-5	-1.000350E-2	5.264280E-5	7.762700E+1	8.691700E+1	2.090241E+3
7.758600E+1	9.997310E-3	1.413820E-5	-1.000340E-2	4.906650E-5	7.755000E+1	8.686200E+1	2.094241E+3
7.749700E+1	9.997370E-3	6.127360E-6	-1.000350E-2	4.622940E-5	7.752300E+1	8.682400E+1	2.098240E+3
7.747900E+1	9.997450E-3	9.274480E-6	-1.000340E-2	4.765990E-5	7.739800E+1	8.675000E+1	2.102271E+3
7.734900E+1	9.997530E-3	6.651880E-6	-1.000340E-2	4.730220E-5	7.734700E+1	8.663700E+1	2.106252E+3
7.737600E+1	9.997440E-3	3.910060E-6	-1.000350E-2	4.520420E-5	7.739100E+1	8.649400E+1	2.110240E+3
7.739600E+1	9.997530E-3	1.156330E-5	-1.000340E-2	5.273820E-5	7.739800E+1	8.634600E+1	2.114240E+3
7.739200E+1	9.997430E-3	1.854900E-5	-1.000350E-2	6.353860E-5	7.739200E+1	8.620200E+1	2.118270E+3
7.738200E+1	9.997490E-3	2.284050E-5	-1.000340E-2	6.928440E-5	7.737900E+1	8.608500E+1	2.122240E+3
7.737400E+1	9.997370E-3	3.106590E-5	-1.000340E-2	7.314680E-5	7.736600E+1	8.600500E+1	2.126241E+3
7.735900E+1	9.997420E-3	4.310610E-5	-1.000340E-2	8.590220E-5	7.735100E+1	8.597600E+1	2.130240E+3
7.734300E+1	9.997400E-3	4.491810E-5	-1.000340E-2	9.000300E-5	7.733600E+1	8.598600E+1	2.134270E+3
7.732900E+1	9.997490E-3	4.153250E-5	-1.000340E-2	8.506780E-5	7.732300E+1	8.601100E+1	2.138242E+3
7.731800E+1	9.997390E-3	4.315380E-5	-1.000350E-2	8.637910E-5	7.731000E+1	8.606100E+1	2.142254E+3
7.730500E+1	9.997500E-3	5.631450E-5	-1.000360E-2	7.855890E-5	7.730300E+1	8.618100E+1	2.146241E+3
7.729500E+1	9.997440E-3	5.216600E-5	-1.000340E-2	9.479520E-5	7.730300E+1	8.633000E+1	2.150271E+3
7.730900E+1	9.997510E-3	4.951950E-5	-1.000340E-2	9.403230E-5	7.733700E+1	8.651000E+1	2.154241E+3
7.738800E+1	9.997400E-3	5.919930E-5	-1.000330E-2	9.646420E-5	7.745200E+1	8.668400E+1	2.158240E+3
7.751300E+1	9.997440E-3	6.370540E-5	-1.000340E-2	1.058820E-4	7.757200E+1	8.681800E+1	2.162241E+3
7.762900E+1	9.997510E-3	6.625650E-5	-1.000340E-2	1.078610E-4	7.768100E+1	8.692900E+1	2.166271E+3
7.771200E+1	9.997460E-3	6.470680E-5	-1.000330E-2	1.051660E-4	7.772300E+1	8.697700E+1	2.170241E+3
7.773100E+1	9.997440E-3	5.333420E-5	-1.000340E-2	1.060250E-4	7.771700E+1	8.697700E+1	2.174242E+3
7.769000E+1	9.997430E-3	6.227490E-5	-1.000340E-2	1.045940E-4	7.765900E+1	8.692200E+1	2.178254E+3
7.762500E+1	9.997380E-3	6.222720E-5	-1.000340E-2	1.001120E-4	7.758200E+1	8.686100E+1	2.182272E+3
7.754700E+1	9.997400E-3	6.058220E-5	-1.000350E-2	1.007080E-4	7.752100E+1	8.681200E+1	2.186240E+3
7.751600E+1	9.997380E-3	5.240440E-5	-1.000350E-2	9.410380E-5	7.744800E+1	8.677200E+1	2.190241E+3
7.741300E+1	9.997410E-3	4.887580E-5	-1.000340E-2	8.797650E-5	7.734800E+1	8.668100E+1	2.194240E+3
7.730600E+1	9.997340E-3	4.875660E-5	-1.000350E-2	9.515290E-5	7.731600E+1	8.658100E+1	2.198270E+3
7.733300E+1	9.997330E-3	5.702970E-5	-1.000350E-2	9.462830E-5	7.734700E+1	8.646800E+1	2.202240E+3
7.735100E+1	9.997400E-3	5.347730E-5	-1.000350E-2	9.982590E-5	7.735600E+1	8.635100E+1	2.206241E+3
7.735000E+1	9.997270E-3	5.848410E-5	-1.000350E-2	1.439810E-4	7.735400E+1	8.626100E+1	2.209278E+3
7.734800E+1	9.997370E-3	6.361010E-5	-1.000340E-2	1.076940E-4	7.734700E+1	8.614600E+1	2.213241E+3
7.733800E+1	9.997400E-3	6.632810E-5	-1.000350E-2	1.086240E-4	7.733200E+1	8.606300E+1	2.217241E+3
7.732700E+1	9.997390E-3	6.947520E-5	-1.000350E-2	1.078370E-4	7.732300E+1	8.602600E+1	2.221240E+3
7.731600E+1	9.997270E-3	6.875990E-5	-1.000340E-2	1.103640E-4	7.731000E+1	8.601200E+1	2.225240E+3
7.730300E+1	9.997310E-3	7.703300E-5	-1.000350E-2	1.081230E-4	7.729700E+1	8.603600E+1	2.229241E+3
7.729500E+1	9.997210E-3	6.313320E-5	-1.000340E-2	1.013280E-4	7.728900E+1	8.606900E+1	2.233241E+3
7.727900E+1	9.997420E-3	6.685260E-5	-1.000330E-2	1.197580E-4	7.728000E+1	8.608400E+1	2.236302E+3
7.727600E+1	9.997390E-3	6.814000E-5	-1.000340E-2	1.091240E-4	7.727500E+1	8.617700E+1	2.240240E+3
7.727400E+1	9.997300E-3	6.501670E-5	-1.000340E-2	1.090530E-4	7.727500E+1	8.630500E+1	2.244241E+3
7.728700E+1	9.997340E-3	6.327630E-5	-1.000340E-2	1.012560E-4	7.730600E+1	8.648400E+1	2.248271E+3
7.734600E+1	9.997260E-3	6.096360E-5	-1.000350E-2	1.014710E-4	7.740900E+1	8.662500E+1	2.252242E+3
7.748600E+1	9.997310E-3	5.316730E-5	-1.000340E-2	9.033680E-5	7.753900E+1	8.677600E+1	2.256241E+3
7.758700E+1	9.997470E-3	4.398820E-5	-1.000340E-2	8.533000E-5	7.764200E+1	8.688800E+1	2.260240E+3
7.766800E+1	9.997350E-3	3.032680E-5	-1.000340E-2	1.214500E-4	7.769400E+1	8.694800E+1	2.263312E+3
7.770000E+1	9.997440E-3	3.530980E-5	-1.000350E-2	8.292200E-5	7.769200E+1	8.695100E+1	2.267241E+3
7.767600E+1	9.997420E-3	4.663470E-5	-1.000340E-2	8.444790E-5	7.763700E+1	8.690000E+1	2.271241E+3
7.761500E+1	9.997460E-3	4.522800E-5	-1.000340E-2	8.909700E-5	7.756900E+1	8.683100E+1	2.275240E+3
