Tbefore	        I+	        V+	        I-	        V-	        Tafter	        Tbase	        Time
1.513980E+2	9.997320E-3	1.013280E-4	-1.000330E-2	-2.727510E-5	1.513470E+2	1.507680E+2	2.300100E+1
1.512560E+2	9.997200E-3	1.093150E-4	-1.000340E-2	-4.053120E-6	1.511790E+2	1.505300E+2	2.700000E+1
1.511060E+2	9.997170E-3	1.271720E-4	-1.000350E-2	1.151560E-5	1.510290E+2	1.502960E+2	3.100100E+1
1.509490E+2	9.997310E-3	1.395940E-4	-1.000340E-2	-3.235340E-5	1.508660E+2	1.501090E+2	3.501600E+1
1.507870E+2	9.997140E-3	1.420500E-4	-1.000350E-2	1.473430E-5	1.507070E+2	1.499830E+2	3.900000E+1
1.506390E+2	9.997090E-3	1.365660E-4	-1.000350E-2	6.484990E-6	1.505690E+2	1.499250E+2	4.300000E+1
1.505060E+2	9.997110E-3	1.097440E-4	-1.000340E-2	-5.602840E-6	1.504670E+2	1.499320E+2	4.614100E+1
1.504120E+2	9.997090E-3	9.903910E-5	-1.000350E-2	-2.934930E-5	1.503470E+2	1.497910E+2	5.000000E+1
1.502880E+2	9.997180E-3	1.366140E-4	-1.000340E-2	-3.595350E-5	1.502210E+2	1.496150E+2	5.403400E+1
1.501650E+2	9.997190E-3	9.353160E-5	-1.000350E-2	-3.273490E-5	1.501080E+2	1.494770E+2	5.800100E+1
1.500490E+2	9.997220E-3	9.582040E-5	-1.000350E-2	1.494880E-5	1.499930E+2	1.493560E+2	6.201600E+1
1.499390E+2	9.997250E-3	1.143930E-4	-1.000340E-2	-8.153920E-6	1.498760E+2	1.492500E+2	6.600000E+1
1.498210E+2	9.997240E-3	1.224760E-4	-1.000350E-2	1.049040E-6	1.497640E+2	1.491680E+2	7.003500E+1
1.497140E+2	9.997140E-3	1.340390E-4	-1.000350E-2	1.842980E-5	1.496580E+2	1.491030E+2	7.400000E+1
1.496080E+2	9.997080E-3	1.417880E-4	-1.000360E-2	2.152920E-5	1.495460E+2	1.490450E+2	7.800100E+1
1.494930E+2	9.997160E-3	1.448150E-4	-1.000350E-2	2.317430E-5	1.494410E+2	1.489920E+2	8.200000E+1
1.493910E+2	9.997170E-3	1.465320E-4	-1.000350E-2	2.174380E-5	1.493320E+2	1.489460E+2	8.603300E+1
1.492840E+2	9.997140E-3	8.721350E-5	-1.000360E-2	1.952650E-5	1.492300E+2	1.489120E+2	9.000000E+1
1.491750E+2	9.997160E-3	1.456260E-4	-1.000350E-2	2.465250E-5	1.491270E+2	1.488760E+2	9.400200E+1
1.490780E+2	9.997290E-3	1.460310E-4	-1.000350E-2	-3.035070E-5	1.490210E+2	1.488400E+2	9.801600E+1
1.489740E+2	9.997070E-3	1.441960E-4	-1.000350E-2	2.152920E-5	1.489180E+2	1.488110E+2	1.020340E+2
1.488700E+2	9.997090E-3	1.428370E-4	-1.000360E-2	1.723770E-5	1.488210E+2	1.487830E+2	1.060010E+2
1.487730E+2	9.997130E-3	1.366850E-4	-1.000340E-2	1.361370E-5	1.487240E+2	1.487550E+2	1.100010E+2
1.486740E+2	9.997330E-3	1.304150E-4	-1.000340E-2	1.258850E-5	1.486250E+2	1.487260E+2	1.140000E+2
1.485760E+2	9.997190E-3	1.350640E-4	-1.000350E-2	1.280310E-5	1.485240E+2	1.487060E+2	1.180340E+2
1.484790E+2	9.997250E-3	1.260280E-4	-1.000350E-2	6.699560E-6	1.484340E+2	1.486790E+2	1.220010E+2
1.483840E+2	9.997240E-3	1.248600E-4	-1.000350E-2	-3.433230E-6	1.483390E+2	1.486530E+2	1.260000E+2
1.482900E+2	9.997170E-3	1.111030E-4	-1.000350E-2	-8.559230E-6	1.482440E+2	1.486270E+2	1.300000E+2
1.481940E+2	9.997130E-3	1.098630E-4	-1.000350E-2	1.029970E-5	1.481490E+2	1.486010E+2	1.340450E+2
1.481080E+2	9.997190E-3	1.077410E-4	-1.000350E-2	-1.583100E-5	1.480590E+2	1.485800E+2	1.380000E+2
1.480160E+2	9.997140E-3	1.011610E-4	-1.000350E-2	-1.983640E-5	1.479730E+2	1.485520E+2	1.420010E+2
1.479310E+2	9.997130E-3	9.682180E-5	-1.000350E-2	-2.458100E-5	1.478840E+2	1.485250E+2	1.460000E+2
1.478400E+2	9.997220E-3	1.013760E-4	-1.000360E-2	-1.988410E-5	1.477940E+2	1.484910E+2	1.500350E+2
1.477540E+2	9.997120E-3	1.052620E-4	-1.000360E-2	-1.702310E-5	1.477100E+2	1.484690E+2	1.540000E+2
1.476660E+2	9.997160E-3	1.019950E-4	-1.000340E-2	-1.559260E-5	1.476220E+2	1.484370E+2	1.580010E+2
1.475830E+2	9.997250E-3	1.406190E-4	-1.000340E-2	-1.795290E-5	1.475400E+2	1.484060E+2	1.620000E+2
1.475010E+2	9.997270E-3	1.018520E-4	-1.000340E-2	-1.349450E-5	1.474550E+2	1.483810E+2	1.660340E+2
1.474200E+2	9.997240E-3	1.111750E-4	-1.000340E-2	1.232620E-5	1.473730E+2	1.483560E+2	1.700160E+2
1.473330E+2	9.997230E-3	1.078840E-4	-1.000350E-2	-1.051430E-5	1.472930E+2	1.483320E+2	1.740000E+2
1.472530E+2	9.997130E-3	1.136780E-4	-1.000340E-2	-1.151560E-5	1.472120E+2	1.483110E+2	1.780010E+2
1.471790E+2	9.997270E-3	1.135830E-4	-1.000350E-2	-1.173020E-5	1.471340E+2	1.482850E+2	1.820350E+2
1.470960E+2	9.997180E-3	1.211640E-4	-1.000350E-2	-4.768370E-7	1.470570E+2	1.482630E+2	1.860010E+2
1.470190E+2	9.997160E-3	1.246210E-4	-1.000350E-2	5.388260E-6	1.469840E+2	1.482420E+2	1.900000E+2
1.469410E+2	9.997090E-3	1.248600E-4	-1.000340E-2	4.768370E-6	1.469050E+2	1.482190E+2	1.940000E+2
1.468630E+2	9.997320E-3	1.222610E-4	-1.000340E-2	6.890300E-6	1.468260E+2	1.481960E+2	1.980350E+2
1.467870E+2	9.997280E-3	1.256230E-4	-1.000340E-2	1.318450E-5	1.467510E+2	1.481710E+2	2.020010E+2
1.467170E+2	9.997130E-3	1.304630E-4	-1.000340E-2	1.430510E-6	1.466770E+2	1.481530E+2	2.060170E+2
1.466420E+2	9.997130E-3	1.261230E-4	-1.000340E-2	6.985660E-6	1.466040E+2	1.481320E+2	2.100000E+2
1.465710E+2	9.997150E-3	1.310590E-4	-1.000350E-2	8.726120E-6	1.465320E+2	1.481110E+2	2.140340E+2
1.465000E+2	9.997150E-3	1.325370E-4	-1.000350E-2	1.504420E-5	1.464640E+2	1.480840E+2	2.180010E+2
1.464290E+2	9.997350E-3	1.411200E-4	-1.000360E-2	2.019410E-5	1.463910E+2	1.480590E+2	2.220010E+2
1.463590E+2	9.997230E-3	1.426940E-4	-1.000370E-2	2.529620E-5	1.463260E+2	1.480260E+2	2.260000E+2
1.462900E+2	9.997330E-3	1.428370E-4	-1.000350E-2	2.291200E-5	1.462510E+2	1.479830E+2	2.300340E+2
1.462150E+2	9.997190E-3	1.156570E-4	-1.000350E-2	1.428130E-5	1.461870E+2	1.479450E+2	2.340010E+2
1.461520E+2	9.997170E-3	1.383780E-4	-1.000350E-2	1.730920E-5	1.461160E+2	1.479030E+2	2.380010E+2
1.460850E+2	9.997120E-3	1.378060E-4	-1.000340E-2	3.576280E-6	1.460530E+2	1.478630E+2	2.420170E+2
1.460230E+2	9.997220E-3	1.295800E-4	-1.000340E-2	1.108650E-5	1.459820E+2	1.478230E+2	2.460350E+2
1.459520E+2	9.997200E-3	1.258370E-4	-1.000350E-2	8.463860E-6	1.459240E+2	1.477700E+2	2.500000E+2
1.458890E+2	9.997190E-3	1.293900E-4	-1.000350E-2	1.397130E-5	1.458560E+2	1.477270E+2	2.540010E+2
1.458230E+2	9.997240E-3	1.347300E-4	-1.000340E-2	1.442430E-5	1.457930E+2	1.476870E+2	2.580000E+2
1.457580E+2	9.997250E-3	1.299620E-4	-1.000340E-2	1.156330E-5	1.457270E+2	1.476390E+2	2.620330E+2
1.456950E+2	9.997220E-3	1.270530E-4	-1.000340E-2	3.004070E-6	1.456610E+2	1.475890E+2	2.660010E+2
1.456310E+2	9.997270E-3	1.302960E-4	-1.000340E-2	-4.696850E-6	1.456020E+2	1.475360E+2	2.700000E+2
1.455690E+2	9.997180E-3	1.208780E-4	-1.000340E-2	1.358990E-6	1.455360E+2	1.474820E+2	2.740010E+2
1.455070E+2	9.997290E-3	1.141070E-4	-1.000350E-2	1.494880E-5	1.454750E+2	1.474130E+2	2.780460E+2
1.454440E+2	9.997250E-3	1.138450E-4	-1.000350E-2	-8.916860E-6	1.454130E+2	1.473520E+2	2.820000E+2
1.453840E+2	9.997160E-3	1.117940E-4	-1.000360E-2	-9.942050E-6	1.453510E+2	1.472830E+2	2.860000E+2
1.453190E+2	9.997210E-3	1.110080E-4	-1.000350E-2	-1.161100E-5	1.452910E+2	1.472050E+2	2.900000E+2
1.452600E+2	9.997220E-3	1.030680E-4	-1.000350E-2	-1.556870E-5	1.452220E+2	1.471090E+2	2.940340E+2
1.451990E+2	9.997150E-3	9.319780E-5	-1.000350E-2	-2.434250E-5	1.451690E+2	1.470140E+2	2.980010E+2
1.451360E+2	9.997210E-3	9.324550E-5	-1.000350E-2	-2.563000E-5	1.451060E+2	1.469040E+2	3.020010E+2
1.450760E+2	9.997130E-3	1.468660E-4	-1.000360E-2	-2.813340E-5	1.450400E+2	1.467930E+2	3.060000E+2
1.450090E+2	9.997300E-3	9.200570E-5	-1.000350E-2	-2.360340E-5	1.449800E+2	1.466900E+2	3.100340E+2
1.449530E+2	9.997220E-3	9.350780E-5	-1.000360E-2	2.408030E-5	1.449180E+2	1.465900E+2	3.140170E+2
1.448880E+2	9.997160E-3	9.379390E-5	-1.000340E-2	-2.336500E-5	1.448570E+2	1.464980E+2	3.180000E+2
1.448260E+2	9.997230E-3	1.469370E-4	-1.000350E-2	-1.451970E-5	1.447930E+2	1.463950E+2	3.219990E+2
1.447620E+2	9.997250E-3	1.060720E-4	-1.000340E-2	-1.025200E-5	1.447340E+2	1.462830E+2	3.260340E+2
1.447010E+2	9.997250E-3	1.217840E-4	-1.000340E-2	4.148480E-6	1.446680E+2	1.461880E+2	3.300010E+2
1.446370E+2	9.997130E-3	1.379250E-4	-1.000340E-2	2.036090E-5	1.446030E+2	1.460860E+2	3.340000E+2
1.445710E+2	9.997220E-3	1.433370E-4	-1.000340E-2	2.691750E-5	1.445430E+2	1.459910E+2	3.380000E+2
1.445100E+2	9.997200E-3	1.059290E-4	-1.000360E-2	2.706050E-5	1.444760E+2	1.458970E+2	3.420340E+2
1.444460E+2	9.997100E-3	1.449820E-4	-1.000350E-2	2.367500E-5	1.444150E+2	1.458060E+2	3.460000E+2
1.443830E+2	9.997140E-3	1.384740E-4	-1.000350E-2	-1.261230E-5	1.443490E+2	1.457080E+2	3.500180E+2
1.443160E+2	9.997080E-3	1.298430E-4	-1.000350E-2	6.127360E-6	1.442840E+2	1.456170E+2	3.540010E+2
1.442540E+2	9.997160E-3	1.175640E-4	-1.000360E-2	-2.789500E-6	1.442200E+2	1.455230E+2	3.580330E+2
1.441890E+2	9.997190E-3	1.139160E-4	-1.000360E-2	-1.018050E-5	1.441560E+2	1.454390E+2	3.620000E+2
1.441230E+2	9.997150E-3	1.036880E-4	-1.000350E-2	-1.962180E-5	1.440920E+2	1.453440E+2	3.660010E+2
1.440550E+2	9.997300E-3	9.672640E-5	-1.000340E-2	-2.589230E-5	1.440250E+2	1.452520E+2	3.700000E+2
1.439950E+2	9.997200E-3	9.176730E-5	-1.000340E-2	-2.522470E-5	1.439590E+2	1.451650E+2	3.740340E+2
1.439320E+2	9.997310E-3	1.466040E-4	-1.000350E-2	-2.422330E-5	1.438910E+2	1.450860E+2	3.780000E+2
1.438640E+2	9.997280E-3	9.324550E-5	-1.000360E-2	-2.100470E-5	1.438270E+2	1.450040E+2	3.820000E+2
1.437950E+2	9.997200E-3	1.074310E-4	-1.000350E-2	-4.196170E-6	1.437630E+2	1.449200E+2	3.860180E+2
1.437320E+2	9.997270E-3	1.281980E-4	-1.000330E-2	1.733300E-5	1.436940E+2	1.448330E+2	3.900340E+2
1.436650E+2	9.997200E-3	1.447920E-4	-1.000340E-2	2.655980E-5	1.436320E+2	1.447670E+2	3.940000E+2
1.436010E+2	9.997170E-3	1.447920E-4	-1.000340E-2	2.906320E-5	1.435640E+2	1.446930E+2	3.980000E+2
1.435310E+2	9.997220E-3	1.421450E-4	-1.000340E-2	1.919270E-5	1.434910E+2	1.446190E+2	4.020010E+2
1.434660E+2	9.997250E-3	1.254320E-4	-1.000340E-2	2.455710E-6	1.434310E+2	1.445450E+2	4.060340E+2
1.434020E+2	9.997170E-3	1.024720E-4	-1.000350E-2	-1.471040E-5	1.433640E+2	1.444810E+2	4.100000E+2
1.433370E+2	9.997150E-3	1.429800E-4	-1.000350E-2	-2.319810E-5	1.433040E+2	1.444210E+2	4.140000E+2
1.432700E+2	9.997150E-3	8.974080E-5	-1.000350E-2	-2.887250E-5	1.432360E+2	1.443500E+2	4.180010E+2
1.432040E+2	9.997160E-3	9.505750E-5	-1.000340E-2	8.106230E-7	1.431680E+2	1.442790E+2	4.220460E+2
1.431350E+2	9.997120E-3	1.080750E-4	-1.000340E-2	-5.292890E-6	1.431040E+2	1.442220E+2	4.260010E+2
1.430720E+2	9.997110E-3	1.171350E-4	-1.000350E-2	3.409390E-6	1.430360E+2	1.441620E+2	4.300010E+2
1.430040E+2	9.997120E-3	1.325370E-4	-1.000340E-2	1.618860E-5	1.429710E+2	1.440950E+2	4.340010E+2
1.429370E+2	9.997260E-3	1.393560E-4	-1.000340E-2	2.031330E-5	1.429030E+2	1.440410E+2	4.380340E+2
1.428730E+2	9.997220E-3	1.430030E-4	-1.000350E-2	2.651210E-5	1.428400E+2	1.439780E+2	4.420000E+2
1.428080E+2	9.997140E-3	1.415490E-4	-1.000340E-2	2.481940E-5	1.427770E+2	1.439250E+2	4.460010E+2
1.427420E+2	9.997330E-3	1.108170E-4	-1.000340E-2	1.897810E-5	1.427100E+2	1.438760E+2	4.500010E+2
1.426790E+2	9.997180E-3	1.301050E-4	-1.000350E-2	1.256470E-5	1.426430E+2	1.438270E+2	4.540340E+2
1.426150E+2	9.997220E-3	1.196150E-4	-1.000340E-2	1.831050E-5	1.425800E+2	1.437800E+2	4.580170E+2
1.425480E+2	9.997130E-3	1.044510E-4	-1.000340E-2	-1.778600E-5	1.425140E+2	1.437260E+2	4.620000E+2
1.424820E+2	9.997160E-3	9.655950E-5	-1.000360E-2	-2.133850E-5	1.424510E+2	1.436690E+2	4.660010E+2
1.424190E+2	9.997170E-3	8.666520E-5	-1.000350E-2	-2.779960E-5	1.423860E+2	1.436160E+2	4.700340E+2
1.423570E+2	9.997100E-3	9.455680E-5	-1.000350E-2	-2.055170E-5	1.423220E+2	1.435790E+2	4.740010E+2
1.422900E+2	9.997130E-3	1.026150E-4	-1.000340E-2	-8.988380E-6	1.422580E+2	1.435380E+2	4.780010E+2
1.422280E+2	9.997240E-3	1.127000E-4	-1.000350E-2	-7.677080E-6	1.421950E+2	1.434970E+2	4.820010E+2
1.421670E+2	9.997130E-3	1.069070E-4	-1.000360E-2	-5.483630E-7	1.421330E+2	1.434530E+2	4.860350E+2
1.421020E+2	9.997210E-3	1.250270E-4	-1.000350E-2	8.511540E-6	1.420680E+2	1.434030E+2	4.900000E+2
1.420390E+2	9.997280E-3	1.336100E-4	-1.000340E-2	-2.055170E-5	1.420060E+2	1.433750E+2	4.940180E+2
1.419780E+2	9.997220E-3	1.401900E-4	-1.000350E-2	2.467630E-5	1.419440E+2	1.433360E+2	4.980010E+2
1.419130E+2	9.997190E-3	1.419540E-4	-1.000360E-2	2.946850E-5	1.418820E+2	1.433010E+2	5.020340E+2
1.418540E+2	9.997140E-3	1.457930E-4	-1.000350E-2	2.620220E-5	1.418260E+2	1.432760E+2	5.060010E+2
1.417920E+2	9.997160E-3	1.371620E-4	-1.000350E-2	1.337530E-5	1.417610E+2	1.432440E+2	5.100000E+2
1.417300E+2	9.997050E-3	1.086240E-4	-1.000370E-2	-1.046660E-5	1.417040E+2	1.432120E+2	5.140000E+2
1.416730E+2	9.997130E-3	9.975430E-5	-1.000360E-2	-2.386570E-5	1.416410E+2	1.431800E+2	5.180330E+2
1.416120E+2	9.997140E-3	1.444100E-4	-1.000350E-2	-2.460480E-5	1.415810E+2	1.431530E+2	5.220000E+2
1.415520E+2	9.997270E-3	1.020910E-4	-1.000350E-2	-8.273120E-6	1.415230E+2	1.431220E+2	5.260000E+2
1.414920E+2	9.997190E-3	1.249550E-4	-1.000350E-2	-1.502040E-5	1.414610E+2	1.430920E+2	5.300180E+2
1.414360E+2	9.997030E-3	1.388070E-4	-1.000350E-2	2.551080E-5	1.414040E+2	1.430590E+2	5.340330E+2
1.413780E+2	9.997170E-3	1.450300E-4	-1.000350E-2	2.825260E-5	1.413450E+2	1.430210E+2	5.380000E+2
1.413200E+2	9.997090E-3	1.412150E-4	-1.000340E-2	1.850130E-5	1.412870E+2	1.429950E+2	5.420000E+2
1.412620E+2	9.997170E-3	1.223090E-4	-1.000350E-2	1.883510E-6	1.412330E+2	1.429690E+2	5.459990E+2
1.412030E+2	9.997140E-3	1.010420E-4	-1.000350E-2	-1.530650E-5	1.411730E+2	1.429470E+2	5.500330E+2
1.411470E+2	9.997130E-3	9.937290E-5	-1.000350E-2	-2.014640E-5	1.411200E+2	1.429220E+2	5.540010E+2
1.410920E+2	9.997240E-3	1.466040E-4	-1.000340E-2	-2.853870E-5	1.410610E+2	1.428980E+2	5.580000E+2
1.410390E+2	9.997120E-3	8.904930E-5	-1.000340E-2	-2.717970E-5	1.410080E+2	1.428880E+2	5.620000E+2
1.409780E+2	9.997110E-3	9.560590E-5	-1.000350E-2	2.114770E-5	1.409480E+2	1.428540E+2	5.660450E+2
1.409230E+2	9.997130E-3	1.037360E-4	-1.000350E-2	-1.237390E-5	1.408960E+2	1.428290E+2	5.700000E+2
1.408670E+2	9.997110E-3	1.137500E-4	-1.000350E-2	-2.956390E-6	1.408380E+2	1.428090E+2	5.740000E+2
1.408170E+2	9.997030E-3	1.212360E-4	-1.000350E-2	8.964540E-6	1.407860E+2	1.427840E+2	5.780000E+2
1.407590E+2	9.997070E-3	1.345160E-4	-1.000350E-2	1.735690E-5	1.407290E+2	1.427640E+2	5.820330E+2
1.407020E+2	9.997200E-3	1.398090E-4	-1.000350E-2	1.542570E-5	1.406780E+2	1.427520E+2	5.860000E+2
1.406530E+2	9.997060E-3	1.297950E-4	-1.000350E-2	1.459120E-5	1.406260E+2	1.427440E+2	5.900010E+2
1.406010E+2	9.997190E-3	1.033310E-4	-1.000340E-2	3.147130E-6	1.405750E+2	1.427370E+2	5.940000E+2
1.405490E+2	9.997170E-3	1.132250E-4	-1.000350E-2	-6.771090E-6	1.405220E+2	1.427240E+2	5.980340E+2
1.404990E+2	9.997140E-3	1.013760E-4	-1.000360E-2	4.744530E-6	1.404720E+2	1.427060E+2	6.020180E+2
1.404490E+2	9.997090E-3	9.155270E-5	-1.000360E-2	-2.458100E-5	1.404200E+2	1.426970E+2	6.060000E+2
1.403980E+2	9.997000E-3	9.613040E-5	-1.000350E-2	-1.947880E-5	1.403710E+2	1.426780E+2	6.100000E+2
1.403470E+2	9.997050E-3	1.034020E-4	-1.000360E-2	-1.018050E-5	1.403230E+2	1.426630E+2	6.140330E+2
1.402970E+2	9.997120E-3	1.178740E-4	-1.000350E-2	9.655950E-6	1.402720E+2	1.426400E+2	6.180000E+2
1.402440E+2	9.997240E-3	1.476290E-4	-1.000350E-2	2.987380E-5	1.402230E+2	1.426300E+2	6.220010E+2
1.402000E+2	9.997190E-3	1.476760E-4	-1.000360E-2	3.468990E-5	1.401740E+2	1.426210E+2	6.260010E+2
1.401480E+2	9.997200E-3	9.334090E-5	-1.000350E-2	2.646450E-5	1.401240E+2	1.426180E+2	6.300350E+2
1.401040E+2	9.997070E-3	1.268860E-4	-1.000360E-2	1.263620E-6	1.400810E+2	1.426090E+2	6.340000E+2
1.400610E+2	9.997110E-3	1.039980E-4	-1.000360E-2	9.965900E-6	1.400290E+2	1.425890E+2	6.380190E+2
1.400110E+2	9.997150E-3	9.348390E-5	-1.000360E-2	-2.071860E-5	1.399890E+2	1.425750E+2	6.420000E+2
1.399620E+2	9.997060E-3	9.837150E-5	-1.000350E-2	-1.471040E-5	1.399390E+2	1.425640E+2	6.460340E+2
1.399170E+2	9.997060E-3	1.126050E-4	-1.000340E-2	1.239780E-6	1.398970E+2	1.425500E+2	6.500000E+2
1.398690E+2	9.997100E-3	1.288180E-4	-1.000360E-2	1.652240E-5	1.398480E+2	1.425350E+2	6.540000E+2
1.398280E+2	9.997040E-3	1.420500E-4	-1.000350E-2	2.903940E-5	1.398050E+2	1.425260E+2	6.580010E+2
1.397820E+2	9.997010E-3	1.486060E-4	-1.000350E-2	3.309250E-5	1.397570E+2	1.425210E+2	6.620330E+2
1.397360E+2	9.997130E-3	9.384160E-5	-1.000350E-2	2.396110E-5	1.397180E+2	1.425210E+2	6.660010E+2
1.396950E+2	9.997090E-3	1.216890E-4	-1.000350E-2	-1.168250E-6	1.396710E+2	1.425210E+2	6.700000E+2
1.396500E+2	9.997090E-3	9.975430E-5	-1.000350E-2	1.978870E-5	1.396280E+2	1.425170E+2	6.740200E+2
1.396080E+2	9.997100E-3	9.727480E-5	-1.000340E-2	-1.599790E-5	1.395840E+2	1.425130E+2	6.780340E+2
1.395670E+2	9.997060E-3	1.190190E-4	-1.000350E-2	4.982950E-6	1.395480E+2	1.425060E+2	6.820010E+2
1.395250E+2	9.997030E-3	1.369000E-4	-1.000340E-2	2.086160E-5	1.395030E+2	1.425040E+2	6.860010E+2
1.394860E+2	9.997040E-3	1.470570E-4	-1.000350E-2	3.244880E-5	1.394650E+2	1.425030E+2	6.900010E+2
1.394420E+2	9.997010E-3	1.447680E-4	-1.000350E-2	2.791880E-5	1.394230E+2	1.425120E+2	6.940340E+2
1.394030E+2	9.996960E-3	1.371150E-4	-1.000350E-2	2.050400E-5	1.393850E+2	1.425140E+2	6.980000E+2
1.393650E+2	9.997020E-3	9.639260E-5	-1.000350E-2	1.251700E-5	1.393450E+2	1.425070E+2	7.020010E+2
1.393260E+2	9.996970E-3	1.216650E-4	-1.000340E-2	2.479550E-6	1.393030E+2	1.425030E+2	7.060010E+2
1.392870E+2	9.996980E-3	1.014230E-4	-1.000360E-2	-1.394750E-5	1.392690E+2	1.425000E+2	7.100340E+2
1.392520E+2	9.996970E-3	9.539130E-5	-1.000350E-2	-1.864430E-5	1.392300E+2	1.424920E+2	7.139990E+2
1.392130E+2	9.997020E-3	9.627340E-5	-1.000350E-2	-2.202990E-5	1.391950E+2	1.424940E+2	7.180010E+2
1.391720E+2	9.997060E-3	9.248260E-5	-1.000360E-2	-2.529620E-5	1.391580E+2	1.424790E+2	7.220010E+2
1.391400E+2	9.997190E-3	9.052750E-5	-1.000350E-2	-1.854900E-5	1.391170E+2	1.424710E+2	7.260330E+2
1.390980E+2	9.997200E-3	9.806160E-5	-1.000340E-2	-1.473430E-5	1.390840E+2	1.424640E+2	7.300010E+2
1.390660E+2	9.997050E-3	1.026150E-4	-1.000360E-2	-8.893010E-6	1.390440E+2	1.424520E+2	7.340000E+2
1.390290E+2	9.997120E-3	1.126290E-4	-1.000350E-2	1.025200E-6	1.390070E+2	1.424500E+2	7.379990E+2
1.389950E+2	9.997140E-3	1.250270E-4	-1.000360E-2	1.509190E-5	1.389740E+2	1.424550E+2	7.420340E+2
1.389590E+2	9.997020E-3	1.416920E-4	-1.000360E-2	3.087520E-5	1.389400E+2	1.424640E+2	7.460000E+2
1.389290E+2	9.997070E-3	1.436710E-4	-1.000350E-2	2.863410E-5	1.389090E+2	1.424640E+2	7.500010E+2
1.388900E+2	9.997090E-3	1.446960E-4	-1.000350E-2	2.703670E-5	1.388720E+2	1.424530E+2	7.540010E+2
1.388580E+2	9.997210E-3	1.441240E-4	-1.000350E-2	2.810960E-5	1.388390E+2	1.424580E+2	7.580340E+2
1.388220E+2	9.997200E-3	1.351830E-4	-1.000350E-2	2.269740E-5	1.388060E+2	1.424660E+2	7.620000E+2
1.387910E+2	9.996990E-3	1.391170E-4	-1.000350E-2	2.412800E-5	1.387760E+2	1.424740E+2	7.660000E+2
1.387580E+2	9.997010E-3	1.315830E-4	-1.000340E-2	1.986030E-5	1.387460E+2	1.424860E+2	7.700000E+2
1.387270E+2	9.997070E-3	9.782310E-5	-1.000340E-2	1.623630E-5	1.387140E+2	1.424790E+2	7.740350E+2
1.386980E+2	9.997140E-3	1.306300E-4	-1.000350E-2	1.587870E-5	1.386820E+2	1.424910E+2	7.780000E+2
1.386640E+2	9.997050E-3	1.127720E-4	-1.000350E-2	-3.337860E-6	1.386530E+2	1.424950E+2	7.820200E+2
1.386350E+2	9.997040E-3	1.113890E-4	-1.000350E-2	-7.677080E-6	1.386190E+2	1.425000E+2	7.860010E+2
1.386070E+2	9.997080E-3	1.041890E-4	-1.000350E-2	-1.223090E-5	1.385890E+2	1.425000E+2	7.900340E+2
1.385810E+2	9.997170E-3	9.789470E-5	-1.000340E-2	-1.277920E-5	1.385610E+2	1.425150E+2	7.940000E+2
1.385480E+2	9.996980E-3	9.582040E-5	-1.000340E-2	-2.009870E-5	1.385320E+2	1.425350E+2	7.980000E+2
1.385180E+2	9.997020E-3	9.732250E-5	-1.000350E-2	-1.633170E-5	1.385050E+2	1.425470E+2	8.020010E+2
1.384920E+2	9.996990E-3	1.060010E-4	-1.000350E-2	-3.194810E-6	1.384760E+2	1.425560E+2	8.060350E+2
1.384630E+2	9.997080E-3	1.189710E-4	-1.000350E-2	8.678440E-6	1.384500E+2	1.425650E+2	8.100000E+2
1.384370E+2	9.997080E-3	1.334430E-4	-1.000360E-2	1.111030E-5	1.384240E+2	1.425750E+2	8.140000E+2
1.384100E+2	9.997090E-3	1.327990E-4	-1.000360E-2	1.981260E-5	1.383970E+2	1.425870E+2	8.180010E+2
1.383830E+2	9.996970E-3	1.383540E-4	-1.000350E-2	2.541540E-5	1.383700E+2	1.425880E+2	8.220340E+2
1.383600E+2	9.997010E-3	1.386640E-4	-1.000350E-2	2.295970E-5	1.383490E+2	1.425920E+2	8.260010E+2
1.383360E+2	9.997110E-3	1.391410E-4	-1.000350E-2	2.517700E-5	1.383150E+2	1.425960E+2	8.300010E+2
1.383070E+2	9.997130E-3	1.323940E-4	-1.000360E-2	1.676080E-5	1.382950E+2	1.426080E+2	8.340010E+2
1.382860E+2	9.997000E-3	1.292710E-4	-1.000350E-2	1.215930E-5	1.382740E+2	1.426140E+2	8.380350E+2
1.382610E+2	9.997010E-3	1.190660E-4	-1.000340E-2	-2.384190E-7	1.382470E+2	1.426200E+2	8.420000E+2
1.382380E+2	9.997170E-3	1.109360E-4	-1.000350E-2	-1.189710E-5	1.382240E+2	1.426340E+2	8.460010E+2
1.382130E+2	9.997060E-3	9.241100E-5	-1.000360E-2	-2.131460E-5	1.382020E+2	1.426310E+2	8.500010E+2
1.381910E+2	9.997070E-3	9.100440E-5	-1.000360E-2	-2.610680E-5	1.381800E+2	1.426400E+2	8.540340E+2
1.381690E+2	9.996970E-3	9.481910E-5	-1.000360E-2	-1.778600E-5	1.381550E+2	1.426400E+2	8.580010E+2
1.381480E+2	9.997020E-3	9.789470E-5	-1.000360E-2	-1.478200E-5	1.381330E+2	1.426400E+2	8.620010E+2
1.381220E+2	9.997130E-3	1.033310E-4	-1.000360E-2	-2.360340E-6	1.381110E+2	1.426460E+2	8.659990E+2
1.381010E+2	9.997040E-3	1.154180E-4	-1.000370E-2	4.673000E-6	1.380950E+2	1.426600E+2	8.700340E+2
1.380810E+2	9.997050E-3	1.253840E-4	-1.000350E-2	1.523490E-5	1.380720E+2	1.426700E+2	8.739990E+2
1.380560E+2	9.997040E-3	1.347540E-4	-1.000370E-2	2.305510E-5	1.380500E+2	1.426830E+2	8.780010E+2
1.380410E+2	9.997070E-3	1.378770E-4	-1.000360E-2	2.100470E-5	1.380270E+2	1.426910E+2	8.820000E+2
1.380210E+2	9.997100E-3	1.455070E-4	-1.000350E-2	3.507140E-5	1.380070E+2	1.427010E+2	8.860330E+2
1.380040E+2	9.997040E-3	1.464610E-4	-1.000360E-2	3.533360E-5	1.379890E+2	1.427060E+2	8.900010E+2
1.379850E+2	9.997080E-3	1.495360E-4	-1.000350E-2	3.724100E-5	1.379710E+2	1.427150E+2	8.939990E+2
1.379600E+2	9.997200E-3	1.456740E-4	-1.000360E-2	2.951620E-5	1.379500E+2	1.427330E+2	8.980010E+2
1.379460E+2	9.997090E-3	1.317500E-4	-1.000360E-2	9.989740E-6	1.379310E+2	1.427530E+2	9.020330E+2
1.379240E+2	9.997100E-3	1.164200E-4	-1.000360E-2	-5.960460E-6	1.379170E+2	1.427640E+2	9.060000E+2
1.379040E+2	9.997110E-3	9.999280E-5	-1.000370E-2	-1.449580E-5	1.378970E+2	1.427750E+2	9.099990E+2
1.378890E+2	9.997140E-3	9.162430E-5	-1.000360E-2	-2.160070E-5	1.378770E+2	1.427830E+2	9.140010E+2
1.378730E+2	9.997110E-3	9.341240E-5	-1.000350E-2	-2.248290E-5	1.378630E+2	1.427950E+2	9.180340E+2
1.378580E+2	9.997030E-3	9.989740E-5	-1.000350E-2	-9.584430E-6	1.378480E+2	1.428020E+2	9.220000E+2
1.378400E+2	9.997010E-3	1.033070E-4	-1.000370E-2	-8.869170E-6	1.378280E+2	1.428200E+2	9.260010E+2
1.378220E+2	9.997130E-3	1.119380E-4	-1.000350E-2	-1.382830E-6	1.378150E+2	1.428320E+2	9.300000E+2
1.378110E+2	9.997020E-3	1.200910E-4	-1.000350E-2	1.192090E-6	1.378000E+2	1.428470E+2	9.340330E+2
1.377920E+2	9.996910E-3	1.339440E-4	-1.000350E-2	2.448560E-5	1.377860E+2	1.428620E+2	9.380000E+2
1.377780E+2	9.997100E-3	1.373290E-4	-1.000350E-2	2.906320E-5	1.377700E+2	1.428800E+2	9.420010E+2
1.377630E+2	9.997070E-3	1.469850E-4	-1.000350E-2	3.309250E-5	1.377580E+2	1.428870E+2	9.460010E+2
1.377460E+2	9.997060E-3	1.471520E-4	-1.000350E-2	3.187660E-5	1.377410E+2	1.429020E+2	9.500340E+2
1.377330E+2	9.997200E-3	1.463890E-4	-1.000360E-2	3.345010E-5	1.377260E+2	1.429070E+2	9.540010E+2
1.377180E+2	9.997120E-3	1.473190E-4	-1.000370E-2	3.266330E-5	1.377130E+2	1.429180E+2	9.580000E+2
1.377040E+2	9.997010E-3	1.450060E-4	-1.000350E-2	3.147130E-5	1.377000E+2	1.429240E+2	9.620030E+2
1.376950E+2	9.997060E-3	1.402140E-4	-1.000360E-2	2.541540E-5	1.376860E+2	1.429320E+2	9.660340E+2
1.376800E+2	9.996950E-3	1.375910E-4	-1.000370E-2	2.217290E-5	1.376730E+2	1.429410E+2	9.699990E+2
1.376640E+2	9.997030E-3	1.261000E-4	-1.000370E-2	1.192090E-5	1.376610E+2	1.429550E+2	9.740000E+2
1.376530E+2	9.997030E-3	1.167540E-4	-1.000350E-2	7.152560E-7	1.376470E+2	1.429770E+2	9.779990E+2
1.376400E+2	9.997040E-3	1.052380E-4	-1.000350E-2	-1.068120E-5	1.376400E+2	1.430000E+2	9.820330E+2
1.376330E+2	9.997010E-3	9.953980E-5	-1.000360E-2	-1.571180E-5	1.376270E+2	1.430230E+2	9.860010E+2
1.376230E+2	9.997090E-3	9.241100E-5	-1.000350E-2	-2.143380E-5	1.376150E+2	1.430380E+2	9.899990E+2
1.376130E+2	9.997050E-3	9.176730E-5	-1.000350E-2	-2.262590E-5	1.376030E+2	1.430480E+2	9.940010E+2
1.375950E+2	9.997030E-3	9.531980E-5	-1.000350E-2	-2.243520E-5	1.375940E+2	1.430660E+2	9.980330E+2
1.375860E+2	9.997130E-3	9.343620E-5	-1.000360E-2	-1.938340E-5	1.375840E+2	1.430880E+2	1.002000E+3
1.375780E+2	9.997180E-3	9.369850E-5	-1.000350E-2	-1.304150E-5	1.375710E+2	1.431100E+2	1.006001E+3
1.375670E+2	9.997080E-3	1.099110E-4	-1.000350E-2	-8.320810E-6	1.375640E+2	1.431170E+2	1.010001E+3
1.375610E+2	9.997070E-3	1.059770E-4	-1.000340E-2	-7.510190E-6	1.375550E+2	1.431420E+2	1.014034E+3
1.375470E+2	9.997090E-3	1.035210E-4	-1.000360E-2	-1.282690E-5	1.375440E+2	1.431420E+2	1.018001E+3
1.375380E+2	9.997110E-3	9.739400E-5	-1.000360E-2	-1.626010E-5	1.375290E+2	1.431210E+2	1.022001E+3
1.375270E+2	9.997140E-3	9.610650E-5	-1.000360E-2	-1.864430E-5	1.375210E+2	1.430860E+2	1.026001E+3
1.375130E+2	9.997120E-3	8.904930E-5	-1.000350E-2	-2.462860E-5	1.375070E+2	1.430520E+2	1.030033E+3
1.375040E+2	9.997090E-3	9.424690E-5	-1.000350E-2	-2.338890E-5	1.374940E+2	1.430110E+2	1.034001E+3
1.374820E+2	9.997060E-3	9.136200E-5	-1.000350E-2	-1.928810E-5	1.374730E+2	1.429450E+2	1.038000E+3
1.374650E+2	9.997090E-3	9.102820E-5	-1.000350E-2	-2.124310E-5	1.374510E+2	1.428210E+2	1.042000E+3
1.374440E+2	9.997010E-3	9.264950E-5	-1.000340E-2	-2.081390E-5	1.374280E+2	1.426760E+2	1.046034E+3
1.374170E+2	9.997070E-3	9.355540E-5	-1.000340E-2	-1.494880E-5	1.374030E+2	1.425160E+2	1.050001E+3
1.373910E+2	9.997110E-3	1.052620E-4	-1.000330E-2	-8.869170E-6	1.373730E+2	1.423220E+2	1.054000E+3
1.373600E+2	9.997090E-3	1.155610E-4	-1.000350E-2	-6.699560E-6	1.373430E+2	1.421390E+2	1.058001E+3
1.373270E+2	9.997090E-3	1.181360E-4	-1.000350E-2	1.013280E-5	1.373050E+2	1.419400E+2	1.062034E+3
1.372920E+2	9.997080E-3	1.307010E-4	-1.000350E-2	2.174380E-5	1.372760E+2	1.417450E+2	1.066001E+3
1.372540E+2	9.997180E-3	1.383070E-4	-1.000340E-2	3.027920E-5	1.372390E+2	1.415400E+2	1.070001E+3
1.372140E+2	9.997150E-3	1.469140E-4	-1.000340E-2	3.201960E-5	1.371960E+2	1.413310E+2	1.074000E+3
1.371720E+2	9.997020E-3	1.453880E-4	-1.000350E-2	3.283020E-5	1.371460E+2	1.411120E+2	1.078034E+3
1.371290E+2	9.997060E-3	1.433610E-4	-1.000350E-2	3.404620E-5	1.371060E+2	1.408960E+2	1.082000E+3
1.370820E+2	9.997160E-3	1.479860E-4	-1.000350E-2	3.461840E-5	1.370510E+2	1.406760E+2	1.086001E+3
1.370300E+2	9.997140E-3	1.462220E-4	-1.000350E-2	3.361700E-5	1.370020E+2	1.404500E+2	1.090000E+3
1.369750E+2	9.997170E-3	1.447920E-4	-1.000350E-2	3.616810E-5	1.369450E+2	1.402180E+2	1.094035E+3
1.369180E+2	9.997160E-3	1.447920E-4	-1.000350E-2	3.194810E-5	1.368890E+2	1.399940E+2	1.098000E+3
1.368570E+2	9.997250E-3	1.412630E-4	-1.000350E-2	2.942090E-5	1.368280E+2	1.397580E+2	1.102001E+3
1.367950E+2	9.997140E-3	1.411680E-4	-1.000350E-2	3.049370E-5	1.367670E+2	1.395190E+2	1.106000E+3
1.367330E+2	9.997220E-3	1.484390E-4	-1.000350E-2	3.197190E-5	1.366990E+2	1.392740E+2	1.110033E+3
1.366660E+2	9.997290E-3	1.361610E-4	-1.000340E-2	2.555850E-5	1.366270E+2	1.390340E+2	1.114000E+3
1.365950E+2	9.997140E-3	1.369950E-4	-1.000340E-2	2.253060E-5	1.365540E+2	1.387930E+2	1.118001E+3
1.365230E+2	9.997020E-3	1.393560E-4	-1.000350E-2	2.589230E-5	1.364850E+2	1.385480E+2	1.122000E+3
1.364500E+2	9.997200E-3	1.379010E-4	-1.000350E-2	2.036090E-5	1.364090E+2	1.382980E+2	1.126034E+3
1.363690E+2	9.997130E-3	1.173260E-4	-1.000350E-2	3.528600E-6	1.363270E+2	1.380630E+2	1.130000E+3
1.362870E+2	9.997050E-3	1.058580E-4	-1.000350E-2	-1.156330E-5	1.362450E+2	1.378310E+2	1.134001E+3
1.362030E+2	9.997190E-3	9.398460E-5	-1.000350E-2	-1.754760E-5	1.361560E+2	1.376020E+2	1.138000E+3
1.361160E+2	9.997230E-3	8.792880E-5	-1.000340E-2	-2.546310E-5	1.360700E+2	1.373690E+2	1.142035E+3
1.360330E+2	9.997210E-3	8.366110E-5	-1.000350E-2	-2.403260E-5	1.359830E+2	1.371500E+2	1.146000E+3
1.359400E+2	9.997040E-3	9.126660E-5	-1.000360E-2	-2.250670E-5	1.358940E+2	1.369360E+2	1.150001E+3
1.358480E+2	9.997050E-3	9.441380E-5	-1.000350E-2	-1.504420E-5	1.357980E+2	1.367200E+2	1.154001E+3
1.357510E+2	9.997230E-3	9.675030E-5	-1.000350E-2	-1.101490E-5	1.356970E+2	1.365200E+2	1.158034E+3
1.356520E+2	9.997240E-3	1.038070E-4	-1.000340E-2	-6.842610E-6	1.356030E+2	1.363130E+2	1.162001E+3
1.355540E+2	9.997090E-3	1.209740E-4	-1.000340E-2	1.053810E-5	1.355040E+2	1.361120E+2	1.166000E+3
1.354560E+2	9.997060E-3	1.234530E-4	-1.000340E-2	1.180170E-5	1.354020E+2	1.359220E+2	1.170001E+3
1.353540E+2	9.997170E-3	1.237870E-4	-1.000360E-2	1.475810E-5	1.352980E+2	1.357430E+2	1.174033E+3
1.352520E+2	9.997030E-3	1.264570E-4	-1.000360E-2	1.332760E-5	1.351980E+2	1.355770E+2	1.178001E+3
1.351480E+2	9.997060E-3	1.349690E-4	-1.000350E-2	2.090930E-5	1.350940E+2	1.354090E+2	1.181999E+3
1.350390E+2	9.997030E-3	1.355650E-4	-1.000360E-2	2.517700E-5	1.349840E+2	1.352570E+2	1.186001E+3
1.349310E+2	9.997120E-3	1.379490E-4	-1.000350E-2	2.496240E-5	1.348770E+2	1.351090E+2	1.190035E+3
1.348250E+2	9.997110E-3	1.418350E-4	-1.000350E-2	3.128050E-5	1.347680E+2	1.349920E+2	1.194000E+3
1.347180E+2	9.997090E-3	1.446960E-4	-1.000340E-2	3.061290E-5	1.346620E+2	1.348960E+2	1.198000E+3
1.346100E+2	9.997290E-3	1.299380E-4	-1.000350E-2	1.542570E-5	1.345540E+2	1.347930E+2	1.202000E+3
1.345000E+2	9.997200E-3	1.201390E-4	-1.000350E-2	3.027920E-6	1.344440E+2	1.347140E+2	1.206033E+3
1.343900E+2	9.997190E-3	1.054530E-4	-1.000340E-2	-7.915500E-6	1.343340E+2	1.346540E+2	1.210000E+3
1.342830E+2	9.997130E-3	9.961130E-5	-1.000340E-2	-1.604560E-5	1.342280E+2	1.346160E+2	1.214000E+3
1.341760E+2	9.997140E-3	8.373260E-5	-1.000360E-2	-2.501010E-5	1.341220E+2	1.346110E+2	1.218000E+3
1.340700E+2	9.997220E-3	8.358960E-5	-1.000350E-2	-2.634530E-5	1.340130E+2	1.346320E+2	1.222034E+3
1.339630E+2	9.997160E-3	8.022790E-5	-1.000350E-2	-2.796650E-5	1.339120E+2	1.346790E+2	1.226001E+3
1.338560E+2	9.997150E-3	8.144380E-5	-1.000350E-2	-2.937320E-5	1.338070E+2	1.347410E+2	1.230000E+3
1.337570E+2	9.997100E-3	8.759500E-5	-1.000360E-2	-1.921650E-5	1.337010E+2	1.348340E+2	1.234000E+3
1.336540E+2	9.997090E-3	9.341240E-5	-1.000350E-2	-1.699920E-5	1.336040E+2	1.349730E+2	1.238034E+3
1.335570E+2	9.997040E-3	9.799000E-5	-1.000340E-2	-1.471040E-5	1.335110E+2	1.351260E+2	1.242000E+3
1.334650E+2	9.997020E-3	9.806160E-5	-1.000340E-2	-1.327990E-5	1.334170E+2	1.353190E+2	1.245999E+3
1.333710E+2	9.997120E-3	9.281640E-5	-1.000350E-2	-1.447200E-5	1.333300E+2	1.355200E+2	1.250000E+3
1.332830E+2	9.997180E-3	9.875300E-5	-1.000340E-2	-1.075270E-5	1.332420E+2	1.357510E+2	1.254034E+3
1.332020E+2	9.997110E-3	9.813310E-5	-1.000350E-2	-1.511570E-5	1.331610E+2	1.359900E+2	1.258001E+3
1.331210E+2	9.997110E-3	9.472370E-5	-1.000340E-2	-1.161100E-5	1.330820E+2	1.362430E+2	1.262000E+3
1.330470E+2	9.997070E-3	9.572510E-5	-1.000350E-2	-1.165870E-5	1.330070E+2	1.365010E+2	1.266001E+3
1.329700E+2	9.997070E-3	1.126530E-4	-1.000350E-2	3.576280E-7	1.329360E+2	1.367790E+2	1.270033E+3
1.329040E+2	9.997040E-3	1.185890E-4	-1.000350E-2	1.151560E-5	1.328700E+2	1.370480E+2	1.274000E+3
1.328390E+2	9.997090E-3	1.230000E-4	-1.000350E-2	1.916890E-5	1.328080E+2	1.373300E+2	1.278001E+3
1.327810E+2	9.997200E-3	1.321790E-4	-1.000350E-2	2.577300E-5	1.327510E+2	1.376070E+2	1.282000E+3
1.327270E+2	9.997130E-3	1.377110E-4	-1.000350E-2	3.097060E-5	1.327010E+2	1.378870E+2	1.286033E+3
1.326760E+2	9.997070E-3	1.427890E-4	-1.000350E-2	3.507140E-5	1.326540E+2	1.381620E+2	1.290000E+3
1.326270E+2	9.997240E-3	1.463170E-4	-1.000340E-2	3.511910E-5	1.326080E+2	1.384560E+2	1.293999E+3
1.325850E+2	9.997180E-3	1.481770E-4	-1.000340E-2	3.647800E-5	1.325670E+2	1.387560E+2	1.298001E+3
1.325530E+2	9.997120E-3	1.476760E-4	-1.000340E-2	3.671650E-5	1.325340E+2	1.390580E+2	1.302034E+3
1.325210E+2	9.997110E-3	1.437190E-4	-1.000350E-2	3.464220E-5	1.325040E+2	1.393350E+2	1.306000E+3
1.324880E+2	9.997080E-3	1.442910E-4	-1.000350E-2	3.108980E-5	1.324760E+2	1.396220E+2	1.310000E+3
1.324660E+2	9.997190E-3	1.388070E-4	-1.000330E-2	3.106590E-5	1.324550E+2	1.399000E+2	1.314001E+3
1.324450E+2	9.997200E-3	1.406190E-4	-1.000340E-2	2.975460E-5	1.324300E+2	1.401680E+2	1.318034E+3
1.324270E+2	9.997220E-3	1.269820E-4	-1.000340E-2	1.647470E-5	1.324190E+2	1.404460E+2	1.322001E+3
1.324130E+2	9.997200E-3	1.211880E-4	-1.000350E-2	2.551080E-6	1.324110E+2	1.407550E+2	1.326000E+3
1.324040E+2	9.997140E-3	1.082420E-4	-1.000360E-2	-1.478200E-6	1.324030E+2	1.410680E+2	1.330001E+3
1.323990E+2	9.997090E-3	1.060720E-4	-1.000350E-2	-7.390980E-6	1.323970E+2	1.413960E+2	1.334035E+3
1.324010E+2	9.997170E-3	1.004700E-4	-1.000350E-2	-1.692770E-5	1.324030E+2	1.417080E+2	1.338001E+3
1.324050E+2	9.997310E-3	9.243490E-5	-1.000340E-2	-1.494880E-5	1.324060E+2	1.420230E+2	1.342000E+3
1.324130E+2	9.997180E-3	9.090900E-5	-1.000350E-2	-1.535420E-5	1.324170E+2	1.423140E+2	1.346001E+3
1.324210E+2	9.997140E-3	9.949210E-5	-1.000340E-2	-8.678440E-6	1.324340E+2	1.426080E+2	1.350034E+3
1.324440E+2	9.997200E-3	1.045940E-4	-1.000350E-2	-6.413460E-6	1.324510E+2	1.428980E+2	1.353999E+3
1.324600E+2	9.997160E-3	1.046900E-4	-1.000340E-2	-1.192090E-7	1.324760E+2	1.431880E+2	1.358001E+3
1.324880E+2	9.997120E-3	1.236440E-4	-1.000350E-2	2.069470E-5	1.325010E+2	1.434530E+2	1.362000E+3
1.325140E+2	9.997080E-3	1.417640E-4	-1.000350E-2	3.147130E-5	1.325290E+2	1.437160E+2	1.366033E+3
1.325420E+2	9.997030E-3	1.438140E-4	-1.000350E-2	4.103180E-5	1.325620E+2	1.439860E+2	1.370001E+3
1.325790E+2	9.997110E-3	1.491550E-4	-1.000340E-2	3.783700E-5	1.326000E+2	1.442630E+2	1.374001E+3
1.326180E+2	9.997120E-3	1.505610E-4	-1.000340E-2	4.217620E-5	1.326350E+2	1.445310E+2	1.378000E+3
1.326580E+2	9.997170E-3	1.511810E-4	-1.000340E-2	4.148480E-5	1.326830E+2	1.448100E+2	1.382034E+3
1.327040E+2	9.997120E-3	1.448390E-4	-1.000350E-2	3.199580E-5	1.327290E+2	1.450680E+2	1.386000E+3
1.327560E+2	9.997070E-3	1.324180E-4	-1.000350E-2	2.467630E-5	1.327800E+2	1.453060E+2	1.390000E+3
1.328040E+2	9.997220E-3	1.327990E-4	-1.000350E-2	1.947880E-5	1.328290E+2	1.455260E+2	1.394001E+3
1.328550E+2	9.997230E-3	1.252410E-4	-1.000340E-2	9.226800E-6	1.328850E+2	1.457330E+2	1.398034E+3
1.329110E+2	9.997170E-3	1.108880E-4	-1.000340E-2	3.719330E-6	1.329410E+2	1.459260E+2	1.402001E+3
1.329690E+2	9.997080E-3	1.081230E-4	-1.000360E-2	-3.957750E-6	1.329970E+2	1.461150E+2	1.406001E+3
1.330290E+2	9.997130E-3	1.119380E-4	-1.000360E-2	-3.886220E-6	1.330600E+2	1.463020E+2	1.410001E+3
1.330900E+2	9.997070E-3	1.053810E-4	-1.000350E-2	-6.461140E-6	1.331250E+2	1.464980E+2	1.414034E+3
1.331570E+2	9.997110E-3	1.041170E-4	-1.000350E-2	-8.845330E-6	1.331880E+2	1.466660E+2	1.417999E+3
1.332210E+2	9.997170E-3	1.001360E-4	-1.000350E-2	-1.339910E-5	1.332550E+2	1.468390E+2	1.422000E+3
1.332870E+2	9.997100E-3	9.961130E-5	-1.000350E-2	-1.168250E-5	1.333260E+2	1.470180E+2	1.426000E+3
1.333580E+2	9.996960E-3	9.875300E-5	-1.000350E-2	-1.153950E-5	1.333930E+2	1.471790E+2	1.430035E+3
1.334290E+2	9.997010E-3	9.925370E-5	-1.000340E-2	-1.192090E-5	1.334640E+2	1.473190E+2	1.434001E+3
1.334950E+2	9.996980E-3	1.051660E-4	-1.000350E-2	-4.577640E-6	1.335350E+2	1.474470E+2	1.438000E+3
1.335700E+2	9.997080E-3	1.111270E-4	-1.000350E-2	1.239780E-6	1.336060E+2	1.475740E+2	1.442000E+3
1.336420E+2	9.997080E-3	1.107690E-4	-1.000350E-2	4.243850E-6	1.336830E+2	1.476980E+2	1.446034E+3
1.337200E+2	9.997090E-3	1.155140E-4	-1.000350E-2	7.343290E-6	1.337590E+2	1.478020E+2	1.450001E+3
1.338010E+2	9.997040E-3	1.243350E-4	-1.000340E-2	1.499650E-5	1.338440E+2	1.478650E+2	1.454000E+3
1.338810E+2	9.997150E-3	1.257660E-4	-1.000340E-2	1.735690E-5	1.339250E+2	1.479350E+2	1.458001E+3
1.339680E+2	9.997290E-3	1.215460E-4	-1.000340E-2	1.385210E-5	1.340110E+2	1.480220E+2	1.462036E+3
1.340520E+2	9.997180E-3	1.250270E-4	-1.000340E-2	9.989740E-6	1.340950E+2	1.481050E+2	1.466001E+3
1.341370E+2	9.997090E-3	1.243110E-4	-1.000350E-2	1.246930E-5	1.341840E+2	1.481140E+2	1.470000E+3
1.342280E+2	9.997160E-3	1.173970E-4	-1.000340E-2	7.677080E-6	1.342750E+2	1.480750E+2	1.474001E+3
1.343170E+2	9.997160E-3	1.137260E-4	-1.000350E-2	-4.291530E-6	1.343660E+2	1.479880E+2	1.478033E+3
1.344070E+2	9.997150E-3	1.094580E-4	-1.000340E-2	-7.200240E-6	1.344500E+2	1.478590E+2	1.482000E+3
1.344930E+2	9.997070E-3	1.091720E-4	-1.000350E-2	-2.145770E-7	1.345310E+2	1.476870E+2	1.486001E+3
1.345710E+2	9.997100E-3	1.143460E-4	-1.000350E-2	7.915500E-6	1.346080E+2	1.474830E+2	1.490000E+3
1.346460E+2	9.997190E-3	1.251220E-4	-1.000340E-2	1.492500E-5	1.346850E+2	1.472430E+2	1.494034E+3
1.347140E+2	9.997160E-3	1.271490E-4	-1.000350E-2	1.506810E-5	1.347440E+2	1.470020E+2	1.498000E+3
1.347760E+2	9.997160E-3	1.354930E-4	-1.000360E-2	2.701280E-5	1.348070E+2	1.467290E+2	1.502000E+3
1.348330E+2	9.997150E-3	1.428130E-4	-1.000360E-2	3.042220E-5	1.348620E+2	1.463820E+2	1.506001E+3
1.348810E+2	9.997220E-3	1.438380E-4	-1.000360E-2	3.368850E-5	1.349040E+2	1.459800E+2	1.510035E+3
1.349230E+2	9.997190E-3	1.312730E-4	-1.000350E-2	1.978870E-5	1.349380E+2	1.455170E+2	1.514001E+3
1.349550E+2	9.997210E-3	1.208780E-4	-1.000350E-2	8.440020E-6	1.349630E+2	1.449510E+2	1.518000E+3
1.349730E+2	9.997090E-3	1.110080E-4	-1.000340E-2	-4.744530E-6	1.349790E+2	1.443120E+2	1.522000E+3
1.349840E+2	9.997200E-3	1.017570E-4	-1.000340E-2	-1.485350E-5	1.349830E+2	1.436290E+2	1.526034E+3
1.349800E+2	9.997060E-3	9.801390E-5	-1.000360E-2	-1.709460E-5	1.349710E+2	1.429390E+2	1.530001E+3
1.349630E+2	9.997160E-3	9.007450E-5	-1.000350E-2	-2.295970E-5	1.349450E+2	1.422200E+2	1.534001E+3
1.349290E+2	9.997110E-3	9.849070E-5	-1.000340E-2	-1.513960E-5	1.349110E+2	1.414970E+2	1.538001E+3
1.348850E+2	9.997140E-3	1.053090E-4	-1.000360E-2	1.287460E-6	1.348550E+2	1.407540E+2	1.542034E+3
1.348250E+2	9.997160E-3	1.228570E-4	-1.000340E-2	1.592640E-5	1.347890E+2	1.400670E+2	1.546002E+3
1.347550E+2	9.997140E-3	1.413820E-4	-1.000340E-2	3.278260E-5	1.347130E+2	1.393210E+2	1.550001E+3
1.346710E+2	9.997150E-3	1.447920E-4	-1.000350E-2	3.256800E-5	1.346220E+2	1.386120E+2	1.554000E+3
1.345710E+2	9.997110E-3	1.433610E-4	-1.000340E-2	3.135200E-5	1.345140E+2	1.378520E+2	1.558033E+3
1.344620E+2	9.997060E-3	1.365660E-4	-1.000350E-2	2.400880E-5	1.344020E+2	1.371620E+2	1.562000E+3
1.343450E+2	9.997070E-3	1.217370E-4	-1.000360E-2	7.033350E-6	1.342840E+2	1.364480E+2	1.566002E+3
1.342360E+2	9.996940E-3	1.039030E-4	-1.000350E-2	-1.022820E-5	1.341830E+2	1.358590E+2	1.570001E+3
1.341330E+2	9.997020E-3	9.350780E-5	-1.000340E-2	-2.226830E-5	1.340760E+2	1.354190E+2	1.574033E+3
1.340280E+2	9.997040E-3	8.311270E-5	-1.000350E-2	-2.708440E-5	1.339720E+2	1.350880E+2	1.578002E+3
1.339190E+2	9.997100E-3	8.549690E-5	-1.000350E-2	-2.546310E-5	1.338600E+2	1.348020E+2	1.582001E+3
1.338030E+2	9.997170E-3	9.367470E-5	-1.000340E-2	-1.640320E-5	1.337450E+2	1.345490E+2	1.585999E+3
1.336890E+2	9.997020E-3	1.091000E-4	-1.000350E-2	4.553790E-6	1.336290E+2	1.343330E+2	1.590034E+3
1.335730E+2	9.997040E-3	1.256470E-4	-1.000350E-2	1.890660E-5	1.335130E+2	1.341430E+2	1.594003E+3
1.334530E+2	9.997170E-3	1.357790E-4	-1.000350E-2	2.906320E-5	1.333910E+2	1.339620E+2	1.598245E+3
1.333360E+2	9.997110E-3	1.426940E-4	-1.000350E-2	3.185270E-5	1.332740E+2	1.338260E+2	1.602000E+3
1.332200E+2	9.997130E-3	1.444340E-4	-1.000350E-2	3.194810E-5	1.331530E+2	1.336990E+2	1.606036E+3
1.330990E+2	9.997180E-3	1.374480E-4	-1.000340E-2	2.520080E-5	1.330360E+2	1.335720E+2	1.610001E+3
1.329780E+2	9.997200E-3	1.282450E-4	-1.000360E-2	1.618860E-5	1.329140E+2	1.334480E+2	1.614001E+3
1.328550E+2	9.997140E-3	1.155140E-4	-1.000340E-2	-8.463860E-6	1.327970E+2	1.333650E+2	1.618001E+3
1.327380E+2	9.997030E-3	9.980200E-5	-1.000340E-2	-1.623630E-5	1.326720E+2	1.333080E+2	1.622034E+3
1.326200E+2	9.997220E-3	9.179120E-5	-1.000350E-2	-2.131460E-5	1.325600E+2	1.332740E+2	1.626001E+3
1.325020E+2	9.997220E-3	8.213520E-5	-1.000340E-2	-2.586840E-5	1.324420E+2	1.332500E+2	1.630002E+3
1.323820E+2	9.997080E-3	8.971690E-5	-1.000350E-2	-1.854900E-5	1.323260E+2	1.332400E+2	1.633999E+3
1.322670E+2	9.997050E-3	1.229050E-4	-1.000350E-2	1.654620E-5	1.322040E+2	1.332290E+2	1.638033E+3
1.321540E+2	9.997050E-3	1.385930E-4	-1.000360E-2	3.499980E-5	1.320920E+2	1.332140E+2	1.642002E+3
1.320410E+2	9.997090E-3	1.419070E-4	-1.000350E-2	3.070830E-5	1.319850E+2	1.332340E+2	1.646000E+3
1.319310E+2	9.997180E-3	1.283880E-4	-1.000350E-2	1.723770E-5	1.318740E+2	1.332560E+2	1.650001E+3
1.318190E+2	9.997210E-3	9.140970E-5	-1.000340E-2	-1.890660E-5	1.317580E+2	1.332840E+2	1.654033E+3
1.317140E+2	9.997070E-3	8.466240E-5	-1.000350E-2	-2.479550E-5	1.316570E+2	1.333180E+2	1.658000E+3
1.316050E+2	9.997060E-3	8.842940E-5	-1.000360E-2	-1.716610E-5	1.315520E+2	1.333660E+2	1.662007E+3
1.315050E+2	9.997120E-3	1.011610E-4	-1.000350E-2	-6.079670E-6	1.314500E+2	1.334340E+2	1.666002E+3
1.314020E+2	9.997010E-3	1.122470E-4	-1.000360E-2	1.533030E-5	1.313490E+2	1.335120E+2	1.670035E+3
1.313030E+2	9.997090E-3	1.311540E-4	-1.000350E-2	2.334120E-5	1.312550E+2	1.336090E+2	1.674001E+3
1.312070E+2	9.997130E-3	1.350640E-4	-1.000350E-2	2.734660E-5	1.311550E+2	1.337120E+2	1.678002E+3
1.311080E+2	9.997040E-3	1.415250E-4	-1.000350E-2	3.232960E-5	1.310550E+2	1.338110E+2	1.682001E+3
1.310100E+2	9.997230E-3	1.465320E-4	-1.000350E-2	3.523830E-5	1.309600E+2	1.339100E+2	1.686034E+3
1.309190E+2	9.997270E-3	1.437900E-4	-1.000340E-2	3.473760E-5	1.308680E+2	1.340090E+2	1.690002E+3
1.308250E+2	9.997240E-3	1.417400E-4	-1.000340E-2	3.166200E-5	1.307800E+2	1.341200E+2	1.694000E+3
1.307340E+2	9.997250E-3	1.342770E-4	-1.000340E-2	2.608300E-5	1.306910E+2	1.342480E+2	1.698003E+3
1.306500E+2	9.997150E-3	1.251940E-4	-1.000330E-2	1.912120E-5	1.306040E+2	1.343920E+2	1.702035E+3
1.305690E+2	9.997170E-3	1.040220E-4	-1.000340E-2	-3.075600E-6	1.305260E+2	1.345220E+2	1.705999E+3
1.304890E+2	9.997150E-3	9.670260E-5	-1.000340E-2	-1.749990E-5	1.304420E+2	1.346560E+2	1.710001E+3
1.304110E+2	9.997240E-3	8.785720E-5	-1.000340E-2	-2.269740E-5	1.303740E+2	1.348020E+2	1.714002E+3
1.303360E+2	9.997180E-3	8.661750E-5	-1.000330E-2	-2.043250E-5	1.302950E+2	1.349520E+2	1.718033E+3
1.302660E+2	9.997100E-3	9.074210E-5	-1.000330E-2	-1.821520E-5	1.302310E+2	1.350800E+2	1.722000E+3
1.301990E+2	9.997060E-3	9.727480E-5	-1.000340E-2	-8.368490E-6	1.301660E+2	1.352140E+2	1.726003E+3
1.301340E+2	9.997090E-3	1.060250E-4	-1.000340E-2	-2.384190E-8	1.301040E+2	1.353390E+2	1.730001E+3
1.300730E+2	9.997110E-3	1.100060E-4	-1.000340E-2	1.192090E-7	1.300430E+2	1.354240E+2	1.734034E+3
1.300150E+2	9.997110E-3	1.101730E-4	-1.000330E-2	2.360340E-6	1.299850E+2	1.355100E+2	1.738002E+3
1.299580E+2	9.997020E-3	1.181600E-4	-1.000340E-2	1.471040E-5	1.299320E+2	1.355990E+2	1.742001E+3
1.299050E+2	9.996890E-3	1.203060E-4	-1.000340E-2	1.573560E-5	1.298750E+2	1.356950E+2	1.746000E+3
1.298510E+2	9.997070E-3	1.258610E-4	-1.000340E-2	1.747610E-5	1.298250E+2	1.358000E+2	1.750037E+3
1.298030E+2	9.996950E-3	1.220700E-4	-1.000350E-2	1.797680E-5	1.297790E+2	1.358990E+2	1.754000E+3
1.297540E+2	9.997000E-3	1.278160E-4	-1.000350E-2	3.318790E-5	1.297320E+2	1.359870E+2	1.758002E+3
1.297100E+2	9.997050E-3	1.408820E-4	-1.000350E-2	3.042220E-5	1.296890E+2	1.360790E+2	1.762002E+3
1.296630E+2	9.997100E-3	1.369240E-4	-1.000350E-2	2.639290E-5	1.296440E+2	1.361670E+2	1.766034E+3
1.296280E+2	9.997190E-3	1.296520E-4	-1.000340E-2	2.226830E-5	1.296060E+2	1.362490E+2	1.770001E+3
1.295860E+2	9.997210E-3	1.226900E-4	-1.000350E-2	1.189710E-5	1.295680E+2	1.363320E+2	1.774004E+3
1.295530E+2	9.997270E-3	1.280780E-4	-1.000340E-2	1.511570E-5	1.295330E+2	1.364010E+2	1.778025E+3
1.295150E+2	9.997080E-3	1.228090E-4	-1.000340E-2	1.156330E-5	1.294970E+2	1.364680E+2	1.782034E+3
1.294810E+2	9.997190E-3	1.165870E-4	-1.000350E-2	1.349450E-5	1.294630E+2	1.365280E+2	1.786002E+3
1.294480E+2	9.997150E-3	1.216650E-4	-1.000350E-2	1.456740E-5	1.294350E+2	1.365840E+2	1.790000E+3
1.294180E+2	9.997080E-3	1.392840E-4	-1.000340E-2	3.302100E-5	1.294000E+2	1.366380E+2	1.794004E+3
1.293870E+2	9.997090E-3	1.408580E-4	-1.000340E-2	3.538130E-5	1.293750E+2	1.366990E+2	1.798034E+3
1.293600E+2	9.997050E-3	1.499180E-4	-1.000350E-2	4.274850E-5	1.293510E+2	1.367390E+2	1.801999E+3
1.293330E+2	9.997100E-3	1.491070E-4	-1.000350E-2	4.210470E-5	1.293160E+2	1.367800E+2	1.806003E+3
1.293060E+2	9.997120E-3	1.508240E-4	-1.000360E-2	3.900530E-5	1.292930E+2	1.368210E+2	1.810003E+3
1.292810E+2	9.997110E-3	1.450300E-4	-1.000350E-2	3.724100E-5	1.292670E+2	1.368590E+2	1.814035E+3
1.292570E+2	9.997180E-3	1.423840E-4	-1.000350E-2	3.354550E-5	1.292450E+2	1.368870E+2	1.818002E+3
1.292330E+2	9.997150E-3	1.360890E-4	-1.000350E-2	3.085140E-5	1.292220E+2	1.369180E+2	1.822005E+3
1.292090E+2	9.997090E-3	1.314400E-4	-1.000350E-2	2.317430E-5	1.291970E+2	1.369260E+2	1.826001E+3
1.291850E+2	9.997080E-3	1.148700E-4	-1.000350E-2	1.025200E-6	1.291720E+2	1.369340E+2	1.830033E+3
1.291620E+2	9.997140E-3	1.074550E-4	-1.000360E-2	-2.384190E-6	1.291520E+2	1.369350E+2	1.834002E+3
1.291400E+2	9.997170E-3	1.024250E-4	-1.000350E-2	-4.625320E-6	1.291270E+2	1.369120E+2	1.838000E+3
1.291180E+2	9.997050E-3	1.036880E-4	-1.000350E-2	1.072880E-6	1.291070E+2	1.368900E+2	1.842005E+3
1.290940E+2	9.997050E-3	1.015190E-4	-1.000340E-2	-4.625320E-6	1.290820E+2	1.368630E+2	1.846033E+3
1.290720E+2	9.997130E-3	1.061920E-4	-1.000350E-2	2.837180E-6	1.290610E+2	1.368280E+2	1.850001E+3
1.290510E+2	9.997020E-3	1.128670E-4	-1.000340E-2	8.153920E-6	1.290410E+2	1.367750E+2	1.854004E+3
1.290290E+2	9.997010E-3	1.170160E-4	-1.000340E-2	5.435940E-6	1.290150E+2	1.367110E+2	1.858001E+3
1.290030E+2	9.997020E-3	1.159670E-4	-1.000350E-2	8.964540E-6	1.289910E+2	1.366120E+2	1.862034E+3
1.289760E+2	9.996970E-3	9.927750E-5	-1.000350E-2	-5.888940E-6	1.289690E+2	1.365040E+2	1.865999E+3
1.289560E+2	9.997000E-3	1.031400E-4	-1.000350E-2	-9.441380E-6	1.289360E+2	1.363980E+2	1.870003E+3
1.289230E+2	9.997100E-3	1.022580E-4	-1.000350E-2	-6.270410E-6	1.289110E+2	1.362750E+2	1.874000E+3
1.289000E+2	9.997130E-3	9.927750E-5	-1.000360E-2	-3.099440E-7	1.288800E+2	1.361370E+2	1.878033E+3
1.288710E+2	9.997020E-3	9.980200E-5	-1.000350E-2	-3.123280E-6	1.288540E+2	1.359900E+2	1.881999E+3
1.288350E+2	9.997050E-3	1.083610E-4	-1.000350E-2	-1.120570E-6	1.288190E+2	1.358330E+2	1.886003E+3
1.288010E+2	9.997100E-3	1.137020E-4	-1.000350E-2	7.057190E-6	1.287790E+2	1.356660E+2	1.890004E+3
1.287600E+2	9.997140E-3	1.188990E-4	-1.000340E-2	1.194480E-5	1.287420E+2	1.354900E+2	1.894038E+3
1.287260E+2	9.997120E-3	1.224990E-4	-1.000330E-2	5.698200E-6	1.287010E+2	1.353120E+2	1.898001E+3
1.286810E+2	9.997110E-3	1.151320E-4	-1.000350E-2	1.232620E-5	1.286620E+2	1.351340E+2	1.902004E+3
1.286420E+2	9.997020E-3	1.180890E-4	-1.000340E-2	1.299380E-5	1.286170E+2	1.349460E+2	1.906005E+3
1.285910E+2	9.997130E-3	1.226660E-4	-1.000340E-2	1.821520E-5	1.285710E+2	1.347480E+2	1.910035E+3
1.285450E+2	9.997110E-3	1.243350E-4	-1.000360E-2	1.757150E-5	1.285180E+2	1.345510E+2	1.914008E+3
1.284970E+2	9.997150E-3	1.087900E-4	-1.000350E-2	1.955030E-6	1.284670E+2	1.343370E+2	1.918000E+3
1.284380E+2	9.997010E-3	1.011130E-4	-1.000340E-2	-4.434590E-6	1.284060E+2	1.341130E+2	1.922003E+3
1.283810E+2	9.997080E-3	1.000170E-4	-1.000340E-2	-9.393690E-6	1.283530E+2	1.338980E+2	1.926034E+3
1.283230E+2	9.997110E-3	9.078980E-5	-1.000350E-2	-1.654620E-5	1.282950E+2	1.336940E+2	1.930003E+3
1.282620E+2	9.997120E-3	8.385180E-5	-1.000350E-2	-2.043250E-5	1.282280E+2	1.334860E+2	1.934002E+3
1.281960E+2	9.997110E-3	8.506780E-5	-1.000340E-2	-2.090930E-5	1.281650E+2	1.332810E+2	1.938006E+3
1.281290E+2	9.997090E-3	8.580680E-5	-1.000350E-2	-1.749990E-5	1.280940E+2	1.330670E+2	1.942033E+3
1.280600E+2	9.996990E-3	8.785720E-5	-1.000350E-2	-2.129080E-5	1.280260E+2	1.328650E+2	1.946000E+3
1.279900E+2	9.997130E-3	8.342270E-5	-1.000350E-2	-1.814370E-5	1.279500E+2	1.326620E+2	1.950000E+3
1.279110E+2	9.997060E-3	8.230210E-5	-1.000340E-2	-2.212520E-5	1.278660E+2	1.324280E+2	1.953999E+3
1.278250E+2	9.997000E-3	8.864400E-5	-1.000340E-2	-1.807210E-5	1.277810E+2	1.321540E+2	1.958035E+3
1.277380E+2	9.997050E-3	9.775160E-5	-1.000350E-2	-6.961820E-6	1.276930E+2	1.318770E+2	1.962003E+3
1.276490E+2	9.997060E-3	1.102690E-4	-1.000350E-2	9.918210E-6	1.276010E+2	1.315740E+2	1.966000E+3
1.275530E+2	9.997110E-3	1.208780E-4	-1.000340E-2	1.397130E-5	1.275020E+2	1.311130E+2	1.970003E+3
1.274500E+2	9.997130E-3	1.311540E-4	-1.000340E-2	2.467630E-5	1.273970E+2	1.306710E+2	1.974034E+3
1.273470E+2	9.996960E-3	1.355410E-4	-1.000350E-2	3.082750E-5	1.272880E+2	1.301740E+2	1.977999E+3
1.272330E+2	9.997020E-3	1.415250E-4	-1.000350E-2	3.190040E-5	1.271750E+2	1.297100E+2	1.982001E+3
1.271140E+2	9.997100E-3	1.356600E-4	-1.000340E-2	3.070830E-5	1.270470E+2	1.291900E+2	1.986241E+3
1.269920E+2	9.997080E-3	1.337290E-4	-1.000340E-2	2.732280E-5	1.269210E+2	1.287480E+2	1.990034E+3
1.268580E+2	9.997070E-3	1.311300E-4	-1.000350E-2	3.068450E-5	1.267880E+2	1.282680E+2	1.994001E+3
1.267210E+2	9.997100E-3	1.414540E-4	-1.000340E-2	2.918240E-5	1.266490E+2	1.278350E+2	1.998003E+3
1.265750E+2	9.997110E-3	1.321550E-4	-1.000350E-2	3.077980E-5	1.264970E+2	1.272990E+2	2.002000E+3
1.264230E+2	9.997090E-3	1.272680E-4	-1.000350E-2	2.470020E-5	1.263370E+2	1.268360E+2	2.006035E+3
1.262660E+2	9.997110E-3	1.303430E-4	-1.000340E-2	2.326970E-5	1.261920E+2	1.263180E+2	2.010003E+3
1.261170E+2	9.997130E-3	1.320120E-4	-1.000350E-2	2.992150E-5	1.260470E+2	1.259250E+2	2.014000E+3
1.259750E+2	9.997030E-3	1.341580E-4	-1.000350E-2	3.390310E-5	1.258950E+2	1.256160E+2	2.018001E+3
1.258260E+2	9.997000E-3	1.367810E-4	-1.000350E-2	3.547670E-5	1.257430E+2	1.253540E+2	2.022035E+3
1.256690E+2	9.997050E-3	1.440290E-4	-1.000350E-2	3.943440E-5	1.255910E+2	1.251280E+2	2.025999E+3
1.255180E+2	9.997190E-3	1.443390E-4	-1.000340E-2	4.029270E-5	1.254330E+2	1.249290E+2	2.030000E+3
1.253600E+2	9.997110E-3	1.372580E-4	-1.000330E-2	3.049370E-5	1.252820E+2	1.247480E+2	2.034001E+3
1.252020E+2	9.997000E-3	1.290320E-4	-1.000340E-2	2.980230E-5	1.251210E+2	1.245830E+2	2.038038E+3
1.250490E+2	9.997200E-3	1.278160E-4	-1.000340E-2	2.813340E-5	1.249670E+2	1.244460E+2	2.042001E+3
1.248930E+2	9.997080E-3	1.255040E-4	-1.000320E-2	1.709460E-5	1.248130E+2	1.243280E+2	2.046001E+3
1.247360E+2	9.997060E-3	1.188760E-4	-1.000330E-2	1.726150E-5	1.246590E+2	1.242210E+2	2.050000E+3
1.245770E+2	9.997020E-3	1.092670E-4	-1.000340E-2	5.006790E-6	1.245000E+2	1.241290E+2	2.054033E+3
1.244260E+2	9.997030E-3	1.164670E-4	-1.000340E-2	7.295610E-6	1.243460E+2	1.240500E+2	2.058001E+3
1.242710E+2	9.997040E-3	1.095530E-4	-1.000330E-2	1.215930E-6	1.241930E+2	1.239830E+2	2.062000E+3
1.241240E+2	9.997130E-3	9.622570E-5	-1.000350E-2	-7.653240E-6	1.240440E+2	1.239250E+2	2.066001E+3
1.239700E+2	9.997130E-3	8.928780E-5	-1.000350E-2	-1.320840E-5	1.238900E+2	1.238790E+2	2.070034E+3
1.238180E+2	9.997020E-3	9.658340E-5	-1.000350E-2	-9.250640E-6	1.237440E+2	1.238410E+2	2.074000E+3
1.236720E+2	9.997000E-3	8.938310E-5	-1.000350E-2	-1.149180E-5	1.236000E+2	1.238070E+2	2.078000E+3
1.235280E+2	9.997080E-3	8.444790E-5	-1.000340E-2	-1.440050E-5	1.234540E+2	1.237730E+2	2.082008E+3
1.233820E+2	9.997110E-3	8.215900E-5	-1.000330E-2	-2.112390E-5	1.233090E+2	1.237500E+2	2.086033E+3
1.232390E+2	9.996990E-3	8.108620E-5	-1.000340E-2	-1.897810E-5	1.231710E+2	1.237360E+2	2.090001E+3
1.231000E+2	9.997020E-3	8.194450E-5	-1.000330E-2	-1.966950E-5	1.230320E+2	1.237250E+2	2.094000E+3
1.229640E+2	9.996970E-3	8.141990E-5	-1.000340E-2	-2.310280E-5	1.228960E+2	1.237170E+2	2.098001E+3
1.228310E+2	9.996950E-3	8.096700E-5	-1.000340E-2	-1.966950E-5	1.227570E+2	1.237100E+2	2.102034E+3
1.226980E+2	9.997140E-3	8.687970E-5	-1.000340E-2	-1.204010E-5	1.226290E+2	1.237020E+2	2.106001E+3
1.225650E+2	9.997110E-3	8.311270E-5	-1.000340E-2	-1.242160E-5	1.225030E+2	1.237010E+2	2.110000E+3
1.224390E+2	9.996980E-3	9.067060E-5	-1.000350E-2	-7.152560E-6	1.223720E+2	1.236940E+2	2.114000E+3
1.223090E+2	9.997060E-3	9.982590E-5	-1.000350E-2	-1.955030E-6	1.222470E+2	1.236810E+2	2.118033E+3
1.221900E+2	9.997040E-3	1.095770E-4	-1.000340E-2	8.583070E-6	1.221230E+2	1.236800E+2	2.122000E+3
1.220640E+2	9.996990E-3	1.048800E-4	-1.000350E-2	5.483630E-6	1.220080E+2	1.236800E+2	2.126000E+3
1.219440E+2	9.996900E-3	1.131060E-4	-1.000340E-2	1.077650E-5	1.218800E+2	1.236820E+2	2.130001E+3
1.218240E+2	9.996950E-3	1.139400E-4	-1.000350E-2	1.375680E-5	1.217610E+2	1.236890E+2	2.134034E+3
1.217090E+2	9.997000E-3	1.189470E-4	-1.000340E-2	2.057550E-5	1.216490E+2	1.236960E+2	2.138001E+3
1.215930E+2	9.996970E-3	1.308680E-4	-1.000350E-2	2.121930E-5	1.215380E+2	1.237080E+2	2.142001E+3
1.214830E+2	9.997110E-3	1.287940E-4	-1.000340E-2	2.691750E-5	1.214240E+2	1.237160E+2	2.146002E+3
1.213720E+2	9.997050E-3	1.339670E-4	-1.000350E-2	3.604890E-5	1.213150E+2	1.237230E+2	2.150034E+3
1.212640E+2	9.997050E-3	1.366380E-4	-1.000360E-2	3.952980E-5	1.212120E+2	1.237350E+2	2.154000E+3
1.211600E+2	9.997020E-3	1.426700E-4	-1.000360E-2	4.696850E-5	1.211010E+2	1.237430E+2	2.157999E+3
1.210550E+2	9.997140E-3	1.422640E-4	-1.000350E-2	4.372600E-5	1.210030E+2	1.237530E+2	2.161999E+3
1.209500E+2	9.997070E-3	1.415730E-4	-1.000350E-2	4.301070E-5	1.208950E+2	1.237550E+2	2.166034E+3
1.208490E+2	9.997040E-3	1.465320E-4	-1.000350E-2	4.601480E-5	1.207960E+2	1.237630E+2	2.169999E+3
1.207500E+2	9.997140E-3	1.440760E-4	-1.000350E-2	4.200940E-5	1.207050E+2	1.237720E+2	2.174001E+3
1.206530E+2	9.997020E-3	1.422410E-4	-1.000350E-2	4.374980E-5	1.206050E+2	1.237870E+2	2.178000E+3
1.205630E+2	9.997010E-3	1.457930E-4	-1.000350E-2	4.665850E-5	1.205080E+2	1.237860E+2	2.182038E+3
1.204660E+2	9.997180E-3	1.405480E-4	-1.000350E-2	4.377370E-5	1.204190E+2	1.237980E+2	2.185999E+3
1.203790E+2	9.997120E-3	1.421450E-4	-1.000350E-2	3.888610E-5	1.203300E+2	1.238070E+2	2.190000E+3
1.202800E+2	9.997090E-3	1.360420E-4	-1.000350E-2	3.242490E-5	1.202370E+2	1.238150E+2	2.194001E+3
1.201960E+2	9.997020E-3	1.306770E-4	-1.000350E-2	3.082750E-5	1.201490E+2	1.238230E+2	2.198034E+3
1.201130E+2	9.997070E-3	1.138210E-4	-1.000350E-2	1.232620E-5	1.200630E+2	1.238320E+2	2.202000E+3
1.200240E+2	9.997120E-3	1.003740E-4	-1.000350E-2	4.053120E-7	1.199790E+2	1.238450E+2	2.205999E+3
1.199410E+2	9.997190E-3	8.764270E-5	-1.000350E-2	-4.959110E-6	1.199000E+2	1.238620E+2	2.210001E+3
1.198610E+2	9.997230E-3	9.336470E-5	-1.000350E-2	-3.647800E-6	1.198170E+2	1.238770E+2	2.214034E+3
1.197810E+2	9.997150E-3	9.090900E-5	-1.000340E-2	-1.201630E-5	1.197390E+2	1.238980E+2	2.218003E+3
1.196990E+2	9.997150E-3	8.387570E-5	-1.000340E-2	-1.537800E-5	1.196570E+2	1.239130E+2	2.222000E+3
1.196230E+2	9.997140E-3	8.342270E-5	-1.000360E-2	-1.680850E-5	1.195860E+2	1.239290E+2	2.226000E+3
1.195430E+2	9.996960E-3	8.332730E-5	-1.000350E-2	-1.912120E-5	1.195070E+2	1.239440E+2	2.230034E+3
1.194710E+2	9.997050E-3	7.953640E-5	-1.000350E-2	-1.854900E-5	1.194320E+2	1.239590E+2	2.234000E+3
1.194020E+2	9.997160E-3	8.149150E-5	-1.000350E-2	-2.019410E-5	1.193640E+2	1.239730E+2	2.238000E+3
1.193290E+2	9.997140E-3	8.139610E-5	-1.000360E-2	-1.811980E-5	1.192920E+2	1.239900E+2	2.242000E+3
1.192610E+2	9.997090E-3	8.203980E-5	-1.000360E-2	-1.955030E-5	1.192220E+2	1.240090E+2	2.246033E+3
1.191880E+2	9.997120E-3	7.822510E-5	-1.000340E-2	-1.769070E-5	1.191580E+2	1.240230E+2	2.250000E+3
1.191260E+2	9.997240E-3	7.667540E-5	-1.000350E-2	-1.935960E-5	1.190880E+2	1.240410E+2	2.254000E+3
1.190610E+2	9.997140E-3	7.917880E-5	-1.000350E-2	-1.864430E-5	1.190220E+2	1.240500E+2	2.258000E+3
1.189930E+2	9.997110E-3	7.739070E-5	-1.000340E-2	-1.778600E-5	1.189600E+2	1.240600E+2	2.262035E+3
1.189330E+2	9.997160E-3	7.901190E-5	-1.000350E-2	-1.506810E-5	1.189020E+2	1.240710E+2	2.266001E+3
1.188690E+2	9.997190E-3	7.965560E-5	-1.000340E-2	-1.404290E-5	1.188370E+2	1.240850E+2	2.270000E+3
1.188080E+2	9.997230E-3	8.354190E-5	-1.000340E-2	-1.089570E-5	1.187780E+2	1.240990E+2	2.274001E+3
1.187490E+2	9.997110E-3	9.260180E-5	-1.000340E-2	-3.409390E-6	1.187130E+2	1.241150E+2	2.278034E+3
1.186920E+2	9.997220E-3	9.803770E-5	-1.000340E-2	-6.318090E-6	1.186630E+2	1.241270E+2	2.282000E+3
1.186340E+2	9.997240E-3	9.338860E-5	-1.000340E-2	-2.527240E-6	1.186040E+2	1.241300E+2	2.286001E+3
1.185770E+2	9.997220E-3	9.539130E-5	-1.000330E-2	-1.013280E-5	1.185500E+2	1.241360E+2	2.290000E+3
1.185250E+2	9.997150E-3	9.162430E-5	-1.000330E-2	-4.410740E-6	1.184930E+2	1.241470E+2	2.294035E+3
1.184690E+2	9.997210E-3	9.396080E-5	-1.000340E-2	-3.504750E-6	1.184450E+2	1.241590E+2	2.297999E+3
1.184150E+2	9.997050E-3	9.019380E-5	-1.000340E-2	-5.960460E-6	1.183870E+2	1.241730E+2	2.302001E+3
1.183660E+2	9.997230E-3	9.450910E-5	-1.000330E-2	-2.431870E-6	1.183390E+2	1.241850E+2	2.306001E+3
1.183160E+2	9.997230E-3	9.655950E-5	-1.000350E-2	3.218650E-6	1.182910E+2	1.241920E+2	2.310034E+3
1.182630E+2	9.997200E-3	1.012560E-4	-1.000340E-2	5.626680E-6	1.182400E+2	1.242000E+2	2.314001E+3
1.182180E+2	9.997140E-3	1.039740E-4	-1.000340E-2	9.512900E-6	1.181940E+2	1.242150E+2	2.318001E+3
1.181680E+2	9.997240E-3	1.151800E-4	-1.000340E-2	1.800060E-5	1.181450E+2	1.242260E+2	2.322000E+3
1.181220E+2	9.997100E-3	1.243350E-4	-1.000340E-2	2.973080E-5	1.180970E+2	1.242390E+2	2.326040E+3
1.180760E+2	9.997100E-3	1.354460E-4	-1.000340E-2	3.993510E-5	1.180540E+2	1.242510E+2	2.330001E+3
1.180310E+2	9.997300E-3	1.460310E-4	-1.000340E-2	4.799370E-5	1.180080E+2	1.242590E+2	2.333999E+3
1.179870E+2	9.997140E-3	1.424310E-4	-1.000340E-2	4.355910E-5	1.179630E+2	1.242700E+2	2.338000E+3
1.179460E+2	9.997100E-3	1.343730E-4	-1.000350E-2	3.759860E-5	1.179240E+2	1.242820E+2	2.342033E+3
1.179050E+2	9.997200E-3	8.492470E-5	-1.000360E-2	2.048020E-5	1.178820E+2	1.242990E+2	2.346000E+3
1.178650E+2	9.997290E-3	1.092910E-4	-1.000340E-2	4.673000E-6	1.178440E+2	1.243100E+2	2.350001E+3
1.178240E+2	9.997210E-3	1.070500E-4	-1.000340E-2	1.883510E-6	1.178040E+2	1.243190E+2	2.354001E+3
1.177840E+2	9.997220E-3	9.164810E-5	-1.000340E-2	-6.079670E-6	1.177660E+2	1.243350E+2	2.358034E+3
1.177470E+2	9.997240E-3	8.475780E-5	-1.000340E-2	-1.089570E-5	1.177220E+2	1.243420E+2	2.362001E+3
1.177050E+2	9.997120E-3	9.114740E-5	-1.000340E-2	-3.862380E-6	1.176910E+2	1.243510E+2	2.366001E+3
1.176710E+2	9.997250E-3	1.224520E-4	-1.000340E-2	2.048020E-5	1.176540E+2	1.243670E+2	2.370000E+3
1.176400E+2	9.997150E-3	1.341580E-4	-1.000330E-2	4.630090E-5	1.176140E+2	1.243840E+2	2.374033E+3
1.175990E+2	9.997230E-3	1.450300E-4	-1.000350E-2	4.706380E-5	1.175800E+2	1.243950E+2	2.378001E+3
1.175670E+2	9.997180E-3	1.296760E-4	-1.000350E-2	2.868180E-5	1.175490E+2	1.244160E+2	2.382001E+3
1.175320E+2	9.997220E-3	1.412630E-4	-1.000340E-2	2.074240E-6	1.175180E+2	1.244310E+2	2.386000E+3
1.174990E+2	9.997250E-3	9.388920E-5	-1.000340E-2	-2.264980E-6	1.174820E+2	1.244430E+2	2.390035E+3
1.174670E+2	9.997200E-3	8.935930E-5	-1.000340E-2	-3.886220E-6	1.174490E+2	1.244560E+2	2.394001E+3
1.174350E+2	9.997140E-3	9.782310E-5	-1.000340E-2	-1.859660E-6	1.174200E+2	1.244700E+2	2.398000E+3
1.174060E+2	9.997140E-3	9.496210E-5	-1.000340E-2	3.266330E-6	1.173940E+2	1.244830E+2	2.402000E+3
1.173780E+2	9.997140E-3	1.147510E-4	-1.000330E-2	2.467630E-5	1.173620E+2	1.244850E+2	2.406034E+3
1.173490E+2	9.997170E-3	1.251940E-4	-1.000340E-2	3.199580E-5	1.173290E+2	1.244910E+2	2.410001E+3
1.173180E+2	9.997190E-3	1.391410E-4	-1.000340E-2	4.069810E-5	1.173040E+2	1.245020E+2	2.414000E+3
1.172930E+2	9.997160E-3	1.446250E-4	-1.000350E-2	4.782680E-5	1.172760E+2	1.245100E+2	2.418001E+3
1.172630E+2	9.997170E-3	1.425740E-4	-1.000350E-2	4.200940E-5	1.172480E+2	1.245170E+2	2.422033E+3
1.172350E+2	9.997250E-3	1.297710E-4	-1.000360E-2	2.830030E-5	1.172220E+2	1.245240E+2	2.426000E+3
1.172130E+2	9.997200E-3	1.132730E-4	-1.000350E-2	1.335140E-5	1.171970E+2	1.245350E+2	2.430001E+3
1.171850E+2	9.997150E-3	1.020430E-4	-1.000350E-2	0.000000E+0	1.171680E+2	1.245410E+2	2.434000E+3
1.171550E+2	9.997240E-3	9.422300E-5	-1.000350E-2	-3.623960E-6	1.171410E+2	1.245300E+2	2.438034E+3
1.171270E+2	9.997200E-3	8.399490E-5	-1.000350E-2	-1.335140E-5	1.171120E+2	1.244900E+2	2.442000E+3
1.170970E+2	9.997240E-3	8.053780E-5	-1.000350E-2	-1.115800E-5	1.170830E+2	1.243990E+2	2.446000E+3
1.170670E+2	9.997270E-3	8.516310E-5	-1.000330E-2	-1.039510E-5	1.170560E+2	1.242840E+2	2.450000E+3
1.170370E+2	9.997200E-3	8.580680E-5	-1.000340E-2	-1.161100E-5	1.170240E+2	1.241380E+2	2.454034E+3
1.170030E+2	9.997320E-3	8.957390E-5	-1.000340E-2	-5.412100E-6	1.169860E+2	1.240210E+2	2.458000E+3
1.169740E+2	9.997170E-3	9.925370E-5	-1.000330E-2	4.315380E-6	1.169550E+2	1.238980E+2	2.461999E+3
1.169330E+2	9.997090E-3	1.167540E-4	-1.000330E-2	2.546310E-5	1.169180E+2	1.237660E+2	2.466000E+3
1.168960E+2	9.997130E-3	1.328470E-4	-1.000350E-2	4.563330E-5	1.168740E+2	1.236020E+2	2.470040E+3
1.168560E+2	9.997210E-3	1.453160E-4	-1.000350E-2	4.954340E-5	1.168360E+2	1.234210E+2	2.474001E+3
1.168160E+2	9.997200E-3	1.327750E-4	-1.000340E-2	3.721710E-5	1.167890E+2	1.232040E+2	2.478000E+3
1.167690E+2	9.997160E-3	1.176120E-4	-1.000330E-2	2.229210E-5	1.167420E+2	1.229530E+2	2.482001E+3
1.167200E+2	9.997170E-3	1.085760E-4	-1.000340E-2	1.225470E-5	1.166910E+2	1.226810E+2	2.486034E+3
1.166650E+2	9.997240E-3	1.046660E-4	-1.000340E-2	6.699560E-6	1.166360E+2	1.224140E+2	2.490001E+3
1.166090E+2	9.997260E-3	8.749960E-5	-1.000340E-2	-5.841260E-6	1.165770E+2	1.221110E+2	2.494001E+3
1.165460E+2	9.997230E-3	8.740430E-5	-1.000340E-2	-7.987020E-6	1.165110E+2	1.218080E+2	2.498000E+3
1.164810E+2	9.997220E-3	8.797650E-5	-1.000350E-2	-1.027580E-5	1.164430E+2	1.214990E+2	2.502034E+3
1.164130E+2	9.997210E-3	8.578300E-5	-1.000350E-2	-1.044270E-5	1.163740E+2	1.211900E+2	2.506001E+3
1.163360E+2	9.997210E-3	7.920270E-5	-1.000340E-2	-2.043250E-5	1.162960E+2	1.208390E+2	2.510000E+3
1.162580E+2	9.997080E-3	7.507800E-5	-1.000340E-2	-1.852510E-5	1.162120E+2	1.205130E+2	2.514000E+3
1.161690E+2	9.997160E-3	7.634160E-5	-1.000340E-2	-2.017020E-5	1.161220E+2	1.201840E+2	2.518033E+3
1.160810E+2	9.997130E-3	8.053780E-5	-1.000350E-2	-1.428130E-5	1.160290E+2	1.198560E+2	2.522001E+3
1.159860E+2	9.997170E-3	8.289810E-5	-1.000330E-2	-1.111030E-5	1.159350E+2	1.194390E+2	2.526001E+3
1.158860E+2	9.997090E-3	9.462830E-5	-1.000330E-2	8.583070E-7	1.158330E+2	1.191150E+2	2.530001E+3
1.157800E+2	9.997150E-3	1.004220E-4	-1.000340E-2	1.683240E-5	1.157270E+2	1.188270E+2	2.534034E+3
1.156780E+2	9.997200E-3	1.209500E-4	-1.000340E-2	3.070830E-5	1.156170E+2	1.185620E+2	2.538001E+3
1.155600E+2	9.997200E-3	1.363750E-4	-1.000340E-2	4.477500E-5	1.155010E+2	1.182670E+2	2.542000E+3
1.154460E+2	9.997250E-3	1.420740E-4	-1.000330E-2	4.248620E-5	1.153820E+2	1.179680E+2	2.546001E+3
1.153290E+2	9.997300E-3	1.390220E-4	-1.000350E-2	3.650190E-5	1.152640E+2	1.176670E+2	2.550033E+3
1.152030E+2	9.997220E-3	1.260040E-4	-1.000350E-2	2.901550E-5	1.151380E+2	1.173890E+2	2.554000E+3
1.150800E+2	9.997120E-3	1.125810E-4	-1.000350E-2	1.866820E-5	1.150120E+2	1.171260E+2	2.557999E+3
1.149460E+2	9.997090E-3	9.961130E-5	-1.000350E-2	-5.817410E-6	1.148820E+2	1.168430E+2	2.562003E+3
1.148150E+2	9.997230E-3	7.967950E-5	-1.000340E-2	-1.807210E-5	1.147450E+2	1.165390E+2	2.566034E+3
1.146820E+2	9.997200E-3	7.016660E-5	-1.000350E-2	-2.059940E-5	1.146090E+2	1.162560E+2	2.570001E+3
1.145430E+2	9.997200E-3	7.317070E-5	-1.000350E-2	-1.454350E-5	1.144690E+2	1.158750E+2	2.574000E+3
1.144020E+2	9.997150E-3	8.592610E-5	-1.000350E-2	-6.651880E-6	1.143280E+2	1.155470E+2	2.578000E+3
1.142600E+2	9.997130E-3	1.137260E-4	-1.000350E-2	2.932550E-5	1.141820E+2	1.152840E+2	2.582034E+3
1.141080E+2	9.997190E-3	1.260040E-4	-1.000340E-2	3.857610E-5	1.140340E+2	1.150420E+2	2.586000E+3
1.139620E+2	9.997180E-3	1.361850E-4	-1.000340E-2	4.704000E-5	1.138800E+2	1.147780E+2	2.589999E+3
1.138040E+2	9.997090E-3	1.373530E-4	-1.000350E-2	4.234310E-5	1.137280E+2	1.144920E+2	2.594001E+3
1.136540E+2	9.997070E-3	1.141070E-4	-1.000340E-2	7.176400E-6	1.135690E+2	1.142400E+2	2.598033E+3
1.134950E+2	9.997030E-3	7.915500E-5	-1.000360E-2	-1.342300E-5	1.134160E+2	1.140160E+2	2.602000E+3
1.133380E+2	9.997060E-3	7.121560E-5	-1.000350E-2	-2.138610E-5	1.132560E+2	1.137770E+2	2.606001E+3
1.131770E+2	9.997160E-3	8.153920E-5	-1.000360E-2	-1.859660E-6	1.130910E+2	1.135280E+2	2.609999E+3
1.130130E+2	9.997030E-3	1.155140E-4	-1.000350E-2	2.713200E-5	1.129270E+2	1.132870E+2	2.614040E+3
1.128490E+2	9.997130E-3	1.405480E-4	-1.000350E-2	4.556180E-5	1.127670E+2	1.130690E+2	2.617999E+3
1.126850E+2	9.997140E-3	1.376390E-4	-1.000340E-2	4.453660E-5	1.125980E+2	1.128500E+2	2.622000E+3
1.125130E+2	9.997150E-3	1.248600E-4	-1.000340E-2	3.287790E-5	1.124300E+2	1.126410E+2	2.626001E+3
1.123490E+2	9.997190E-3	1.106260E-4	-1.000340E-2	1.652240E-5	1.122600E+2	1.124280E+2	2.630034E+3
1.121790E+2	9.997100E-3	8.339880E-5	-1.000340E-2	-8.273120E-6	1.120910E+2	1.122250E+2	2.633999E+3
1.120120E+2	9.997140E-3	7.362370E-5	-1.000350E-2	-1.845360E-5	1.119230E+2	1.120180E+2	2.638000E+3
1.118400E+2	9.997180E-3	6.997590E-5	-1.000350E-2	-1.745220E-5	1.117470E+2	1.118230E+2	2.642000E+3
1.116680E+2	9.997080E-3	8.420940E-5	-1.000350E-2	-6.937980E-6	1.115770E+2	1.116310E+2	2.646034E+3
1.114940E+2	9.997010E-3	1.118660E-4	-1.000340E-2	2.458100E-5	1.114040E+2	1.114510E+2	2.650000E+3
1.113220E+2	9.997050E-3	1.314880E-4	-1.000340E-2	4.386900E-5	1.112320E+2	1.112710E+2	2.654000E+3
1.111510E+2	9.997110E-3	1.400950E-4	-1.000350E-2	4.904270E-5	1.110600E+2	1.110950E+2	2.658001E+3
1.109750E+2	9.997120E-3	1.254560E-4	-1.000350E-2	2.791880E-5	1.108840E+2	1.109230E+2	2.662034E+3
1.108030E+2	9.997120E-3	9.307860E-5	-1.000340E-2	-1.478200E-6	1.107150E+2	1.107540E+2	2.665999E+3
1.106290E+2	9.997100E-3	6.887910E-5	-1.000340E-2	-2.000330E-5	1.105420E+2	1.105830E+2	2.669999E+3
1.104570E+2	9.997150E-3	7.748600E-5	-1.000340E-2	3.550050E-5	1.104090E+2	1.104500E+2	2.673040E+3
1.103270E+2	9.997280E-3	8.239750E-5	-1.000340E-2	-3.290180E-6	1.102380E+2	1.102700E+2	2.677000E+3
1.101530E+2	9.997020E-3	8.878710E-5	-1.000340E-2	4.243850E-6	1.100640E+2	1.100920E+2	2.681000E+3
1.099800E+2	9.997060E-3	1.115800E-4	-1.000350E-2	2.570150E-5	1.098930E+2	1.099100E+2	2.685000E+3
1.098060E+2	9.997150E-3	1.199010E-4	-1.000330E-2	8.389950E-5	1.097590E+2	1.097760E+2	2.688041E+3
1.096780E+2	9.997050E-3	1.241920E-4	-1.000340E-2	8.332730E-5	1.096300E+2	1.096450E+2	2.691039E+3
1.095490E+2	9.997050E-3	1.338720E-4	-1.000340E-2	9.090900E-5	1.095030E+2	1.095230E+2	2.694041E+3
1.094150E+2	9.997250E-3	1.324650E-4	-1.000340E-2	4.796980E-5	1.093280E+2	1.093610E+2	2.698000E+3
1.092420E+2	9.997190E-3	1.384020E-4	-1.000340E-2	5.049710E-5	1.091520E+2	1.091890E+2	2.702000E+3
1.090700E+2	9.997190E-3	1.402140E-4	-1.000330E-2	4.642010E-5	1.089810E+2	1.089780E+2	2.706000E+3
1.088930E+2	9.997110E-3	1.317020E-4	-1.000340E-2	9.336470E-5	1.088460E+2	1.088360E+2	2.709039E+3
1.087660E+2	9.997150E-3	1.193760E-4	-1.000340E-2	8.013250E-5	1.087170E+2	1.087030E+2	2.712074E+3
1.086360E+2	9.997230E-3	1.046660E-4	-1.000340E-2	6.730560E-5	1.085880E+2	1.085720E+2	2.715040E+3
1.085020E+2	9.997100E-3	9.360310E-5	-1.000350E-2	-5.459790E-6	1.084150E+2	1.083400E+2	2.718999E+3
1.083300E+2	9.997160E-3	7.901190E-5	-1.000340E-2	-7.414820E-6	1.082370E+2	1.080640E+2	2.723001E+3
1.081560E+2	9.997240E-3	7.531640E-5	-1.000340E-2	-1.413820E-5	1.080640E+2	1.078760E+2	2.727000E+3
1.079800E+2	9.997240E-3	1.222130E-4	-1.000340E-2	-1.699920E-5	1.078910E+2	1.077000E+2	2.731001E+3
1.078020E+2	9.997110E-3	6.694790E-5	-1.000350E-2	-2.095700E-5	1.077120E+2	1.073580E+2	2.735001E+3
1.076220E+2	9.997110E-3	7.541180E-5	-1.000350E-2	-8.893010E-6	1.075350E+2	1.071000E+2	2.739001E+3
1.074430E+2	9.997190E-3	8.218290E-5	-1.000340E-2	4.746910E-5	1.073890E+2	1.069610E+2	2.742040E+3
1.073060E+2	9.997330E-3	9.269710E-5	-1.000340E-2	5.846020E-5	1.072550E+2	1.068420E+2	2.745041E+3
1.071720E+2	9.997140E-3	1.049520E-4	-1.000350E-2	2.748970E-5	1.070810E+2	1.066150E+2	2.749000E+3
1.069890E+2	9.997210E-3	1.201390E-4	-1.000350E-2	3.924370E-5	1.068910E+2	1.062810E+2	2.753000E+3
1.068060E+2	9.997050E-3	1.377820E-4	-1.000360E-2	5.171300E-5	1.067100E+2	1.060830E+2	2.757000E+3
1.066230E+2	9.997130E-3	1.418350E-4	-1.000350E-2	1.016140E-4	1.065700E+2	1.059620E+2	2.760041E+3
1.064820E+2	9.997080E-3	1.396420E-4	-1.000350E-2	1.046660E-4	1.064320E+2	1.058020E+2	2.763074E+3
1.063430E+2	9.997080E-3	1.367090E-4	-1.000350E-2	1.010180E-4	1.062900E+2	1.055180E+2	2.766041E+3
1.062010E+2	9.997180E-3	1.336570E-4	-1.000350E-2	9.925370E-5	1.061490E+2	1.053470E+2	2.769040E+3
1.060620E+2	9.997200E-3	1.246210E-4	-1.000340E-2	8.645060E-5	1.060060E+2	1.052180E+2	2.772040E+3
1.059200E+2	9.997230E-3	1.133920E-4	-1.000340E-2	7.557870E-5	1.058620E+2	1.051060E+2	2.775040E+3
1.057770E+2	9.997160E-3	1.046900E-4	-1.000340E-2	1.487730E-5	1.056800E+2	1.048690E+2	2.779033E+3
1.055890E+2	9.997240E-3	8.933540E-5	-1.000350E-2	2.455710E-6	1.054890E+2	1.045630E+2	2.783001E+3
1.053940E+2	9.997230E-3	7.119180E-5	-1.000350E-2	-1.082420E-5	1.052920E+2	1.043690E+2	2.787000E+3
1.052040E+2	9.997170E-3	6.084440E-5	-1.000350E-2	3.159050E-5	1.051460E+2	1.042460E+2	2.790041E+3
1.050600E+2	9.997160E-3	6.875990E-5	-1.000350E-2	3.535750E-5	1.050040E+2	1.040850E+2	2.793041E+3
1.049130E+2	9.997210E-3	7.681850E-5	-1.000330E-2	-1.358990E-6	1.048160E+2	1.036830E+2	2.797001E+3
1.047180E+2	9.997250E-3	8.986000E-5	-1.000340E-2	1.277920E-5	1.046180E+2	1.034790E+2	2.801001E+3
1.045220E+2	9.997300E-3	1.082420E-4	-1.000340E-2	2.615450E-5	1.044230E+2	1.033360E+2	2.805000E+3
1.043280E+2	9.997190E-3	1.242640E-4	-1.000350E-2	9.195800E-5	1.042740E+2	1.032370E+2	2.808041E+3
1.041830E+2	9.997180E-3	1.311300E-4	-1.000350E-2	9.927750E-5	1.041230E+2	1.029840E+2	2.811073E+3
1.040310E+2	9.997190E-3	1.353030E-4	-1.000340E-2	1.010180E-4	1.039750E+2	1.027850E+2	2.814041E+3
1.038850E+2	9.997260E-3	1.349690E-4	-1.000330E-2	5.135540E-5	1.037830E+2	1.026250E+2	2.818000E+3
1.036840E+2	9.997330E-3	1.315830E-4	-1.000340E-2	4.570480E-5	1.035800E+2	1.024030E+2	2.822000E+3
1.034860E+2	9.997300E-3	1.131530E-4	-1.000340E-2	3.159050E-5	1.033840E+2	1.020650E+2	2.826000E+3
1.032860E+2	9.997130E-3	9.472370E-5	-1.000340E-2	1.115800E-5	1.031830E+2	1.018900E+2	2.830000E+3
1.030880E+2	9.997150E-3	7.302760E-5	-1.000340E-2	-1.041890E-5	1.029800E+2	1.017610E+2	2.834001E+3
1.028860E+2	9.997040E-3	6.263260E-5	-1.000350E-2	-2.057550E-5	1.027820E+2	1.014930E+2	2.838000E+3
1.026870E+2	9.997100E-3	5.848410E-5	-1.000350E-2	3.225800E-5	1.026260E+2	1.012790E+2	2.841041E+3
1.025320E+2	9.997050E-3	6.725790E-5	-1.000350E-2	3.728870E-5	1.024770E+2	1.011550E+2	2.844073E+3
1.023780E+2	9.997150E-3	7.491110E-5	-1.000340E-2	4.289150E-5	1.023250E+2	1.010680E+2	2.847040E+3
1.022320E+2	9.997300E-3	7.345680E-5	-1.000330E-2	4.639630E-5	1.021720E+2	1.009250E+2	2.850039E+3
1.020760E+2	9.997210E-3	7.779600E-5	-1.000340E-2	4.711150E-5	1.020200E+2	1.006240E+2	2.853040E+3
1.019260E+2	9.997210E-3	8.120540E-5	-1.000340E-2	5.278590E-5	1.018650E+2	1.004500E+2	2.856040E+3
1.017700E+2	9.997160E-3	9.253030E-5	-1.000340E-2	6.845000E-5	1.017120E+2	1.003440E+2	2.859040E+3
1.016200E+2	9.997140E-3	9.646420E-5	-1.000340E-2	2.155300E-5	1.015180E+2	1.002500E+2	2.863001E+3
1.014170E+2	9.997220E-3	1.045230E-4	-1.000340E-2	2.973080E-5	1.013150E+2	9.999400E+1	2.867000E+3
1.012120E+2	9.997060E-3	1.179220E-4	-1.000350E-2	4.160400E-5	1.011090E+2	9.975200E+1	2.870999E+3
1.010070E+2	9.997120E-3	1.257660E-4	-1.000340E-2	1.009460E-4	1.009490E+2	9.965500E+1	2.874041E+3
1.008540E+2	9.997130E-3	1.380210E-4	-1.000330E-2	1.114610E-4	1.007990E+2	9.956800E+1	2.877073E+3
1.007030E+2	9.997240E-3	1.330380E-4	-1.000340E-2	1.052380E-4	1.006490E+2	9.939800E+1	2.880041E+3
1.005520E+2	9.997210E-3	1.219270E-4	-1.000340E-2	9.925370E-5	1.004930E+2	9.921800E+1	2.883041E+3
1.004010E+2	9.997190E-3	1.157050E-4	-1.000330E-2	8.430480E-5	1.003430E+2	9.910900E+1	2.886039E+3
1.002470E+2	9.997160E-3	9.806160E-5	-1.000350E-2	1.847740E-5	1.001450E+2	9.898500E+1	2.890000E+3
1.000440E+2	9.997090E-3	8.003710E-5	-1.000350E-2	-6.937980E-6	9.994300E+1	9.868400E+1	2.894000E+3
9.984100E+1	9.997050E-3	6.027220E-5	-1.000350E-2	-1.549720E-5	9.973500E+1	9.854300E+1	2.898001E+3
9.964300E+1	9.997100E-3	6.127360E-5	-1.000350E-2	3.550050E-5	9.958200E+1	9.847400E+1	2.901041E+3
9.948900E+1	9.997010E-3	6.818770E-5	-1.000350E-2	4.465580E-5	9.943100E+1	9.822500E+1	2.904041E+3
9.933400E+1	9.997260E-3	7.536410E-5	-1.000340E-2	5.197530E-5	9.927600E+1	9.791100E+1	2.907040E+3
9.918000E+1	9.997190E-3	8.537770E-5	-1.000340E-2	1.959800E-5	9.907600E+1	9.772000E+1	2.911000E+3
9.897500E+1	9.997110E-3	1.159910E-4	-1.000330E-2	5.383490E-5	9.886800E+1	9.761800E+1	2.914999E+3
9.877100E+1	9.997060E-3	1.298430E-4	-1.000350E-2	5.567070E-5	9.866800E+1	9.755100E+1	2.919000E+3
9.856800E+1	9.997050E-3	1.325130E-4	-1.000350E-2	1.091720E-4	9.851100E+1	9.738200E+1	2.922041E+3
9.841500E+1	9.997140E-3	1.324180E-4	-1.000350E-2	1.105790E-4	9.835500E+1	9.714700E+1	2.925074E+3
9.826100E+1	9.997170E-3	1.322980E-4	-1.000340E-2	1.103880E-4	9.820200E+1	9.702200E+1	2.928040E+3
9.810900E+1	9.997130E-3	1.306060E-4	-1.000340E-2	1.094580E-4	9.805100E+1	9.696000E+1	2.931040E+3
9.795600E+1	9.997160E-3	1.258850E-4	-1.000330E-2	1.016380E-4	9.790200E+1	9.690100E+1	2.934041E+3
9.780600E+1	9.997200E-3	1.201390E-4	-1.000340E-2	1.001120E-4	9.775000E+1	9.677700E+1	2.937040E+3
9.765400E+1	9.997090E-3	1.147270E-4	-1.000340E-2	9.541510E-5	9.759700E+1	9.653500E+1	2.940040E+3
9.750400E+1	9.997110E-3	1.165150E-4	-1.000340E-2	4.518030E-5	9.740300E+1	9.634400E+1	2.944001E+3
9.730100E+1	9.997050E-3	1.044750E-4	-1.000340E-2	3.688340E-5	9.720200E+1	9.625900E+1	2.948001E+3
9.710300E+1	9.997180E-3	1.006360E-4	-1.000350E-2	2.892020E-5	9.699700E+1	9.614700E+1	2.952000E+3
9.689900E+1	9.997200E-3	8.883480E-5	-1.000340E-2	7.212160E-5	9.684500E+1	9.593500E+1	2.955041E+3
9.675200E+1	9.997130E-3	8.642670E-5	-1.000330E-2	6.642340E-5	9.669700E+1	9.580000E+1	2.958075E+3
9.660300E+1	9.997110E-3	7.588860E-5	-1.000330E-2	5.726810E-5	9.654700E+1	9.573700E+1	2.961040E+3
9.645700E+1	9.997220E-3	5.722050E-5	-1.000340E-2	3.995900E-5	9.639800E+1	9.568700E+1	2.964040E+3
9.630900E+1	9.997180E-3	5.681510E-5	-1.000340E-2	3.671650E-5	9.625300E+1	9.550100E+1	2.967041E+3
9.615900E+1	9.997140E-3	5.486010E-5	-1.000340E-2	3.690720E-5	9.610400E+1	9.532500E+1	2.970039E+3
9.600900E+1	9.997190E-3	5.700590E-5	-1.000350E-2	3.874300E-5	9.595400E+1	9.524300E+1	2.973041E+3
9.586300E+1	9.997270E-3	6.060600E-5	-1.000350E-2	-1.430510E-6	9.576200E+1	9.518100E+1	2.977001E+3
9.567200E+1	9.997230E-3	6.694790E-5	-1.000350E-2	2.670290E-6	9.556800E+1	9.489300E+1	2.981000E+3
9.547500E+1	9.997160E-3	8.080010E-5	-1.000350E-2	1.685620E-5	9.537500E+1	9.471400E+1	2.985000E+3
9.527700E+1	9.997120E-3	8.745190E-5	-1.000340E-2	7.505420E-5	9.522500E+1	9.465700E+1	2.988041E+3
9.513500E+1	9.997110E-3	9.675030E-5	-1.000350E-2	8.912090E-5	9.507700E+1	9.457600E+1	2.991075E+3
9.498700E+1	9.997200E-3	9.982590E-5	-1.000340E-2	9.317400E-5	9.493300E+1	9.449300E+1	2.994041E+3
9.484500E+1	9.997190E-3	1.043320E-4	-1.000340E-2	9.367470E-5	9.478800E+1	9.426400E+1	2.997041E+3
9.469800E+1	9.997170E-3	1.190190E-4	-1.000340E-2	5.893710E-5	9.464400E+1	9.407700E+1	3.000060E+3
9.455300E+1	9.997240E-3	1.243110E-4	-1.000350E-2	1.186130E-4	9.449700E+1	9.399500E+1	3.003040E+3
9.441000E+1	9.997220E-3	1.299620E-4	-1.000350E-2	1.216650E-4	9.435400E+1	9.395500E+1	3.006041E+3
9.426700E+1	9.997110E-3	1.296280E-4	-1.000350E-2	7.231240E-5	9.416700E+1	9.391600E+1	3.009999E+3
9.407200E+1	9.997210E-3	1.268630E-4	-1.000340E-2	6.661410E-5	9.397700E+1	9.364200E+1	3.013999E+3
9.388500E+1	9.997210E-3	1.058340E-4	-1.000350E-2	4.951950E-5	9.378800E+1	9.351200E+1	3.018003E+3
9.369700E+1	9.997200E-3	9.250640E-5	-1.000350E-2	9.212490E-5	9.364300E+1	9.347900E+1	3.021040E+3
9.355400E+1	9.997190E-3	8.568760E-5	-1.000340E-2	8.709430E-5	9.350100E+1	9.340000E+1	3.024073E+3
9.341300E+1	9.997170E-3	7.672310E-5	-1.000340E-2	8.451940E-5	9.336100E+1	9.329000E+1	3.027039E+3
9.327300E+1	9.997150E-3	6.182190E-5	-1.000350E-2	4.589560E-5	9.317700E+1	9.316200E+1	3.031000E+3
9.308800E+1	9.997110E-3	2.882480E-5	-1.000340E-2	4.117490E-5	9.299400E+1	9.311600E+1	3.035000E+3
9.290400E+1	9.997200E-3	2.017020E-5	-1.000350E-2	4.148480E-5	9.281000E+1	9.284900E+1	3.039001E+3
9.271800E+1	9.997140E-3	1.466270E-5	-1.000350E-2	3.874300E-5	9.262500E+1	9.270500E+1	3.043000E+3
9.253900E+1	9.997210E-3	1.139640E-5	-1.000340E-2	3.540520E-5	9.244600E+1	9.266500E+1	3.046999E+3
9.235800E+1	9.997170E-3	8.392330E-6	-1.000350E-2	3.371240E-5	9.226900E+1	9.262400E+1	3.051000E+3
9.218100E+1	9.997080E-3	6.294250E-6	-1.000350E-2	8.194450E-5	9.213000E+1	9.243600E+1	3.054041E+3
9.204300E+1	9.997010E-3	1.022820E-5	-1.000350E-2	8.754730E-5	9.199400E+1	9.223600E+1	3.057074E+3
9.191000E+1	9.997180E-3	1.342300E-5	-1.000350E-2	9.400850E-5	9.185900E+1	9.215500E+1	3.060040E+3
9.177800E+1	9.997220E-3	1.432900E-5	-1.000340E-2	9.562970E-5	9.172800E+1	9.213100E+1	3.063039E+3
9.164500E+1	9.997210E-3	1.723770E-5	-1.000340E-2	9.973050E-5	9.159400E+1	9.206200E+1	3.066040E+3
9.151200E+1	9.997290E-3	3.657340E-5	-1.000340E-2	1.159670E-4	9.146600E+1	9.189500E+1	3.069039E+3
9.138400E+1	9.997360E-3	4.167560E-5	-1.000330E-2	1.256470E-4	9.133200E+1	9.179100E+1	3.072041E+3
9.125100E+1	9.997300E-3	4.665850E-5	-1.000340E-2	8.895400E-5	9.116200E+1	9.175400E+1	3.076001E+3
9.107900E+1	9.997280E-3	5.621910E-5	-1.000350E-2	9.651180E-5	9.098700E+1	9.164300E+1	3.080000E+3
9.090800E+1	9.997250E-3	6.256100E-5	-1.000340E-2	9.491440E-5	9.082000E+1	9.148300E+1	3.084001E+3
9.073700E+1	9.997220E-3	7.340910E-5	-1.000350E-2	1.551870E-4	9.069000E+1	9.138500E+1	3.087041E+3
9.060900E+1	9.997200E-3	7.517340E-5	-1.000350E-2	1.596210E-4	9.056400E+1	9.131000E+1	3.090073E+3
9.048500E+1	9.997190E-3	7.853510E-5	-1.000340E-2	1.621720E-4	9.043500E+1	9.127000E+1	3.093041E+3
9.036000E+1	9.997170E-3	8.404250E-5	-1.000340E-2	1.664160E-4	9.031300E+1	9.116100E+1	3.096040E+3
9.023200E+1	9.997250E-3	8.330350E-5	-1.000350E-2	1.667500E-4	9.018500E+1	9.102700E+1	3.099041E+3
9.010800E+1	9.997210E-3	8.172990E-5	-1.000340E-2	1.668210E-4	9.006300E+1	9.097000E+1	3.102040E+3
8.998900E+1	9.997120E-3	8.401870E-5	-1.000340E-2	1.657720E-4	8.993700E+1	9.095100E+1	3.105039E+3
8.986100E+1	9.997010E-3	8.401870E-5	-1.000350E-2	1.197810E-4	8.977400E+1	9.075000E+1	3.109000E+3
8.969800E+1	9.997080E-3	8.366110E-5	-1.000340E-2	1.685620E-4	8.965200E+1	9.063600E+1	3.112041E+3
8.957400E+1	9.997080E-3	8.590220E-5	-1.000350E-2	1.257660E-4	8.949100E+1	9.059700E+1	3.116000E+3
8.941400E+1	9.997220E-3	8.213520E-5	-1.000350E-2	1.237390E-4	8.933300E+1	9.054600E+1	3.120001E+3
8.925400E+1	9.997190E-3	8.554460E-5	-1.000350E-2	1.677990E-4	8.920600E+1	9.035900E+1	3.123073E+3
8.913300E+1	9.997240E-3	8.268360E-5	-1.000350E-2	1.640800E-4	8.908700E+1	9.024900E+1	3.126040E+3
8.901500E+1	9.997180E-3	8.082390E-5	-1.000350E-2	1.635790E-4	8.896700E+1	9.020800E+1	3.129040E+3
8.889100E+1	9.997200E-3	7.791520E-5	-1.000340E-2	1.621960E-4	8.885000E+1	9.019700E+1	3.132041E+3
8.877500E+1	9.997230E-3	7.472040E-5	-1.000340E-2	1.579760E-4	8.873300E+1	9.017000E+1	3.135040E+3
8.865500E+1	9.997220E-3	7.047650E-5	-1.000340E-2	1.521590E-4	8.861400E+1	8.999800E+1	3.138041E+3
8.853500E+1	9.997140E-3	4.982950E-5	-1.000360E-2	8.335110E-5	8.846100E+1	8.975300E+1	3.142000E+3
8.837900E+1	9.997110E-3	3.614430E-5	-1.000350E-2	6.899830E-5	8.830000E+1	8.964100E+1	3.146001E+3
8.822400E+1	9.997130E-3	2.806190E-5	-1.000360E-2	6.380080E-5	8.814300E+1	8.961600E+1	3.150001E+3
8.806500E+1	9.997140E-3	2.119540E-5	-1.000350E-2	1.039980E-4	8.802400E+1	8.961200E+1	3.153040E+3
8.795000E+1	9.997070E-3	1.528260E-5	-1.000350E-2	9.553430E-5	8.790600E+1	8.953100E+1	3.156073E+3
8.783300E+1	9.997120E-3	1.254080E-5	-1.000350E-2	9.734630E-5	8.779300E+1	8.939500E+1	3.159040E+3
8.771900E+1	9.997300E-3	1.854900E-5	-1.000340E-2	1.013040E-4	8.767200E+1	8.931400E+1	3.162039E+3
8.760100E+1	9.997240E-3	2.770420E-5	-1.000350E-2	1.076460E-4	8.756100E+1	8.928100E+1	3.165040E+3
8.749200E+1	9.997210E-3	3.654960E-5	-1.000340E-2	1.192570E-4	8.744900E+1	8.920000E+1	3.168040E+3
8.737700E+1	9.997230E-3	5.126000E-5	-1.000350E-2	1.324180E-4	8.733300E+1	8.911100E+1	3.171041E+3
8.726300E+1	9.997260E-3	4.916190E-5	-1.000350E-2	9.229180E-5	8.718900E+1	8.905900E+1	3.175000E+3
8.711700E+1	9.997110E-3	5.841260E-5	-1.000360E-2	9.624960E-5	8.704000E+1	8.896800E+1	3.179001E+3
8.696600E+1	9.997140E-3	6.437300E-5	-1.000350E-2	1.028540E-4	8.689300E+1	8.884400E+1	3.183001E+3
8.682000E+1	9.997250E-3	6.699560E-5	-1.000350E-2	1.440290E-4	8.678300E+1	8.876800E+1	3.186040E+3
8.671800E+1	9.997220E-3	6.663800E-5	-1.000350E-2	1.489640E-4	8.667200E+1	8.872500E+1	3.189074E+3
8.660600E+1	9.997160E-3	5.240440E-5	-1.000350E-2	1.348730E-4	8.656700E+1	8.872100E+1	3.192040E+3
8.650400E+1	9.997170E-3	5.598070E-5	-1.000340E-2	1.372340E-4	8.646300E+1	8.867500E+1	3.195041E+3
8.639500E+1	9.997160E-3	6.749630E-5	-1.000350E-2	1.432660E-4	8.635500E+1	8.857300E+1	3.198040E+3
8.628900E+1	9.997110E-3	7.040500E-5	-1.000360E-2	1.514200E-4	8.625100E+1	8.849100E+1	3.201040E+3
8.618600E+1	9.997140E-3	7.834430E-5	-1.000360E-2	1.589780E-4	8.614500E+1	8.843900E+1	3.204040E+3
8.608300E+1	9.997240E-3	8.497240E-5	-1.000360E-2	1.223330E-4	8.601000E+1	8.833600E+1	3.208001E+3
8.594400E+1	9.997130E-3	7.200240E-5	-1.000350E-2	1.543050E-4	8.590300E+1	8.825300E+1	3.211041E+3
8.583900E+1	9.997230E-3	7.026200E-5	-1.000350E-2	1.527550E-4	8.580300E+1	8.819100E+1	3.214041E+3
8.573700E+1	9.997140E-3	5.922320E-5	-1.000350E-2	1.409530E-4	8.570000E+1	8.814500E+1	3.217044E+3
8.563800E+1	9.997050E-3	4.739760E-5	-1.000360E-2	1.319410E-4	8.559500E+1	8.811200E+1	3.220040E+3
8.553500E+1	9.997120E-3	3.614430E-5	-1.000360E-2	7.050040E-5	8.546600E+1	8.805300E+1	3.224001E+3
8.540200E+1	9.997060E-3	1.113410E-5	-1.000360E-2	4.947190E-5	8.533500E+1	8.798500E+1	3.228000E+3
8.527000E+1	9.996970E-3	5.674360E-6	-1.000360E-2	8.788110E-5	8.523300E+1	8.792500E+1	3.231039E+3
8.517200E+1	9.997140E-3	3.290180E-6	-1.000360E-2	8.759500E-5	8.513300E+1	8.786300E+1	3.234040E+3
8.507600E+1	9.997100E-3	6.604190E-6	-1.000350E-2	8.740430E-5	8.504000E+1	8.780600E+1	3.237041E+3
8.498100E+1	9.997080E-3	5.745890E-6	-1.000350E-2	3.976820E-5	8.491500E+1	8.774800E+1	3.241000E+3
8.485000E+1	9.997060E-3	4.267690E-6	-1.000350E-2	8.709430E-5	8.481900E+1	8.770100E+1	3.244043E+3
8.475800E+1	9.997020E-3	4.625320E-6	-1.000340E-2	8.571150E-5	8.472400E+1	8.766400E+1	3.247040E+3
8.466300E+1	9.996940E-3	6.294250E-6	-1.000350E-2	8.618830E-5	8.462900E+1	8.762000E+1	3.250040E+3
8.457100E+1	9.997080E-3	1.168250E-6	-1.000340E-2	8.502010E-5	8.454000E+1	8.757500E+1	3.253044E+3
8.448400E+1	9.997130E-3	4.124640E-6	-1.000350E-2	4.003050E-5	8.441900E+1	8.752100E+1	3.257001E+3
8.436300E+1	9.997250E-3	5.149840E-6	-1.000350E-2	4.930500E-5	8.430300E+1	8.746400E+1	3.261001E+3
8.424400E+1	9.997140E-3	1.158710E-5	-1.000340E-2	9.255410E-5	8.421300E+1	8.742300E+1	3.264040E+3
8.415600E+1	9.997230E-3	1.211170E-5	-1.000350E-2	9.231570E-5	8.412200E+1	8.738000E+1	3.267040E+3
8.407100E+1	9.997170E-3	8.845330E-6	-1.000340E-2	9.384160E-5	8.403700E+1	8.733400E+1	3.270041E+3
8.398500E+1	9.997120E-3	1.153950E-5	-1.000340E-2	4.830360E-5	8.392600E+1	8.729200E+1	3.273999E+3
8.387200E+1	9.997160E-3	1.008510E-5	-1.000330E-2	9.481910E-5	8.384000E+1	8.726400E+1	3.277040E+3
8.378600E+1	9.997130E-3	2.224450E-5	-1.000330E-2	1.055720E-4	8.375800E+1	8.724900E+1	3.280044E+3
8.370900E+1	9.997110E-3	2.839570E-5	-1.000330E-2	1.085760E-4	8.368200E+1	8.727700E+1	3.283040E+3
8.363100E+1	9.997030E-3	3.221040E-5	-1.000340E-2	1.123190E-4	8.360500E+1	8.729600E+1	3.286041E+3
8.355800E+1	9.997080E-3	4.675390E-5	-1.000330E-2	9.026530E-5	8.350800E+1	8.729900E+1	3.289999E+3
8.346200E+1	9.997010E-3	6.835460E-5	-1.000350E-2	1.109600E-4	8.341400E+1	8.730400E+1	3.294000E+3
8.336700E+1	9.997040E-3	8.997920E-5	-1.000340E-2	1.690860E-4	8.334300E+1	8.730000E+1	3.297040E+3
8.329500E+1	9.997050E-3	8.063320E-5	-1.000340E-2	1.601930E-4	8.327100E+1	8.728700E+1	3.300040E+3
8.323000E+1	9.996960E-3	7.100110E-5	-1.000340E-2	1.492980E-4	8.320600E+1	8.729600E+1	3.303041E+3
8.316400E+1	9.997130E-3	5.559920E-5	-1.000350E-2	8.733270E-5	8.312200E+1	8.729900E+1	3.307001E+3
8.307700E+1	9.997120E-3	3.833770E-5	-1.000340E-2	1.199250E-4	8.305300E+1	8.730000E+1	3.310040E+3
8.301700E+1	9.997130E-3	3.445150E-5	-1.000340E-2	1.162290E-4	8.298900E+1	8.729800E+1	3.313041E+3
8.295200E+1	9.997160E-3	2.033710E-5	-1.000350E-2	9.734630E-5	8.292700E+1	8.730400E+1	3.316045E+3
8.288900E+1	9.997290E-3	1.506810E-5	-1.000340E-2	9.357930E-5	8.286800E+1	8.731500E+1	3.319041E+3
8.283000E+1	9.997250E-3	1.688000E-5	-1.000340E-2	5.385880E-5	8.278900E+1	8.734100E+1	3.323001E+3
8.274700E+1	9.997180E-3	1.752380E-5	-1.000350E-2	5.633830E-5	8.270700E+1	8.736600E+1	3.327001E+3
8.267000E+1	9.997160E-3	2.560620E-5	-1.000360E-2	1.032590E-4	8.264800E+1	8.739900E+1	3.330039E+3
8.261300E+1	9.997090E-3	1.387600E-5	-1.000350E-2	6.301400E-5	8.259500E+1	8.743700E+1	3.333060E+3
8.256200E+1	9.997150E-3	2.036090E-5	-1.000350E-2	7.135870E-5	8.254200E+1	8.748000E+1	3.336060E+3
8.250700E+1	9.997040E-3	2.169610E-5	-1.000350E-2	5.795960E-5	8.247300E+1	8.756200E+1	3.340000E+3
8.244000E+1	9.997210E-3	2.663140E-5	-1.000340E-2	1.052620E-4	8.242200E+1	8.764600E+1	3.343044E+3
8.238800E+1	9.997110E-3	2.882480E-5	-1.000340E-2	1.103160E-4	8.236800E+1	8.775200E+1	3.346040E+3
8.233900E+1	9.997100E-3	2.112390E-5	-1.000350E-2	1.026870E-4	8.232300E+1	8.788400E+1	3.349040E+3
8.229500E+1	9.997170E-3	3.168580E-5	-1.000350E-2	1.120330E-4	8.227800E+1	8.802000E+1	3.352043E+3
8.224700E+1	9.997180E-3	4.189010E-5	-1.000350E-2	8.478160E-5	8.221800E+1	8.821400E+1	3.356000E+3
8.219100E+1	9.997210E-3	6.167890E-5	-1.000350E-2	1.076940E-4	8.216400E+1	8.841600E+1	3.360000E+3
8.214100E+1	9.997170E-3	7.967950E-5	-1.000350E-2	1.581190E-4	8.213000E+1	8.856800E+1	3.363041E+3
8.210300E+1	9.997080E-3	7.431510E-5	-1.000350E-2	1.579520E-4	8.208800E+1	8.872800E+1	3.366040E+3
8.207500E+1	9.997090E-3	8.571150E-5	-1.000350E-2	1.367810E-4	8.206600E+1	8.886800E+1	3.369060E+3
8.204900E+1	9.997090E-3	9.284020E-5	-1.000350E-2	1.302720E-4	8.203200E+1	8.903100E+1	3.373000E+3
8.202200E+1	9.997130E-3	9.236340E-5	-1.000350E-2	1.727580E-4	8.201300E+1	8.916800E+1	3.376041E+3
8.200400E+1	9.997190E-3	9.415150E-5	-1.000330E-2	1.761670E-4	8.199700E+1	8.931500E+1	3.379044E+3
8.198800E+1	9.997070E-3	9.162430E-5	-1.000350E-2	1.724000E-4	8.198700E+1	8.945600E+1	3.382040E+3
8.197500E+1	9.997070E-3	9.152890E-5	-1.000350E-2	1.740690E-4	8.197200E+1	8.961000E+1	3.385040E+3
8.197000E+1	9.997200E-3	9.207730E-5	-1.000340E-2	1.293180E-4	8.196200E+1	8.981100E+1	3.389001E+3
8.196600E+1	9.997080E-3	9.405610E-5	-1.000350E-2	1.724480E-4	8.196400E+1	8.996500E+1	3.392040E+3
8.196600E+1	9.997080E-3	9.174350E-5	-1.000350E-2	1.719950E-4	8.196500E+1	9.010900E+1	3.395041E+3
8.196600E+1	9.997110E-3	9.026530E-5	-1.000350E-2	1.729490E-4	8.196500E+1	9.025500E+1	3.398039E+3
8.196400E+1	9.997100E-3	9.348390E-5	-1.000350E-2	1.753810E-4	8.196900E+1	9.039300E+1	3.401040E+3
8.196900E+1	9.997100E-3	9.436610E-5	-1.000350E-2	1.324180E-4	8.197800E+1	9.057400E+1	3.405004E+3
8.198000E+1	9.997210E-3	9.198190E-5	-1.000340E-2	1.711610E-4	8.198500E+1	9.071300E+1	3.408039E+3
8.199300E+1	9.997160E-3	8.666520E-5	-1.000340E-2	1.449580E-4	8.199800E+1	9.084300E+1	3.411060E+3
8.200500E+1	9.997160E-3	7.383820E-5	-1.000340E-2	1.302240E-4	8.200800E+1	9.097500E+1	3.414060E+3
8.201900E+1	9.997150E-3	5.972390E-5	-1.000340E-2	1.385450E-4	8.202300E+1	9.110200E+1	3.417040E+3
8.203300E+1	9.997210E-3	6.146430E-5	-1.000330E-2	8.752350E-5	8.204400E+1	9.127200E+1	3.421000E+3
8.205900E+1	9.997260E-3	3.657340E-5	-1.000330E-2	1.191380E-4	8.206400E+1	9.140200E+1	3.424045E+3
8.207800E+1	9.997170E-3	2.894400E-5	-1.000350E-2	1.085280E-4	8.208500E+1	9.152400E+1	3.427040E+3
8.210000E+1	9.997160E-3	2.353190E-5	-1.000330E-2	1.025440E-4	8.210900E+1	9.165200E+1	3.430040E+3
8.212100E+1	9.997190E-3	1.482960E-5	-1.000340E-2	9.651180E-5	8.213100E+1	9.176800E+1	3.433044E+3
8.214800E+1	9.997090E-3	1.835820E-5	-1.000330E-2	5.509850E-5	8.216800E+1	9.193300E+1	3.436999E+3
8.218500E+1	9.997190E-3	1.008510E-5	-1.000330E-2	4.780290E-5	8.220600E+1	9.209400E+1	3.441000E+3
8.222100E+1	9.997130E-3	4.458430E-6	-1.000350E-2	6.189350E-5	8.223100E+1	9.221800E+1	3.444059E+3
8.225000E+1	9.997110E-3	6.818770E-6	-1.000350E-2	6.275180E-5	8.226200E+1	9.233700E+1	3.447060E+3
8.228100E+1	9.997080E-3	8.749960E-6	-1.000330E-2	8.940700E-5	8.229500E+1	9.245600E+1	3.450041E+3
8.231400E+1	9.997090E-3	1.277920E-5	-1.000330E-2	4.713540E-5	8.233800E+1	9.261800E+1	3.454001E+3
8.236200E+1	9.997070E-3	1.244550E-5	-1.000330E-2	9.443760E-5	8.237300E+1	9.273300E+1	3.457040E+3
8.239600E+1	9.997190E-3	2.198220E-5	-1.000330E-2	1.007800E-4	8.241000E+1	9.285700E+1	3.460045E+3
8.243200E+1	9.997220E-3	3.304480E-5	-1.000340E-2	1.086950E-4	8.244700E+1	9.297700E+1	3.463040E+3
8.247300E+1	9.997180E-3	4.353520E-5	-1.000330E-2	1.207350E-4	8.248600E+1	9.309500E+1	3.466040E+3
8.251400E+1	9.997040E-3	6.124970E-5	-1.000340E-2	1.005890E-4	8.253500E+1	9.325200E+1	3.469999E+3
8.256600E+1	9.997190E-3	6.146430E-5	-1.000330E-2	1.462940E-4	8.258100E+1	9.337500E+1	3.473039E+3
8.260900E+1	9.997180E-3	7.443430E-5	-1.000340E-2	1.146550E-4	8.263900E+1	9.353300E+1	3.477000E+3
8.266800E+1	9.997150E-3	7.967950E-5	-1.000330E-2	1.337530E-4	8.268600E+1	9.365600E+1	3.480061E+3
8.271200E+1	9.997270E-3	8.564000E-5	-1.000340E-2	1.644850E-4	8.272900E+1	9.377700E+1	3.483041E+3
8.276200E+1	9.997220E-3	8.413790E-5	-1.000340E-2	1.209970E-4	8.279000E+1	9.393100E+1	3.487001E+3
8.282100E+1	9.997170E-3	7.762910E-5	-1.000340E-2	1.576660E-4	8.283800E+1	9.405100E+1	3.490039E+3
8.287100E+1	9.997210E-3	7.631780E-5	-1.000340E-2	1.541850E-4	8.289200E+1	9.416800E+1	3.493040E+3
8.292100E+1	9.997170E-3	6.725790E-5	-1.000330E-2	1.486300E-4	8.293900E+1	9.428100E+1	3.496045E+3
8.297000E+1	9.997230E-3	6.673340E-5	-1.000340E-2	1.467940E-4	8.299000E+1	9.439400E+1	3.499039E+3
8.302400E+1	9.997190E-3	6.659030E-5	-1.000350E-2	1.032590E-4	8.305700E+1	9.453600E+1	3.503000E+3
8.309200E+1	9.997240E-3	6.201270E-5	-1.000340E-2	1.396890E-4	8.311300E+1	9.464800E+1	3.506040E+3
8.314800E+1	9.997170E-3	6.361010E-5	-1.000330E-2	1.473900E-4	8.316800E+1	9.475700E+1	3.509040E+3
8.320200E+1	9.997070E-3	6.728170E-5	-1.000350E-2	1.486300E-4	8.322000E+1	9.486200E+1	3.512040E+3
8.325800E+1	9.997050E-3	7.421970E-5	-1.000350E-2	1.560210E-4	8.327800E+1	9.497100E+1	3.515041E+3
8.331500E+1	9.997030E-3	7.944110E-5	-1.000340E-2	1.221660E-4	8.335000E+1	9.510100E+1	3.518999E+3
8.339000E+1	9.997140E-3	8.943080E-5	-1.000340E-2	1.661060E-4	8.341100E+1	9.521100E+1	3.522041E+3
8.344700E+1	9.997060E-3	8.420940E-5	-1.000340E-2	1.444580E-4	8.346900E+1	9.531400E+1	3.525061E+3
8.350400E+1	9.997080E-3	8.680820E-5	-1.000330E-2	1.410960E-4	8.352700E+1	9.541400E+1	3.528059E+3
8.356600E+1	9.997030E-3	9.217260E-5	-1.000340E-2	1.406910E-4	8.358600E+1	9.551600E+1	3.531061E+3
8.362200E+1	9.997150E-3	9.045600E-5	-1.000340E-2	1.315360E-4	8.366500E+1	9.564400E+1	3.535001E+3
8.370200E+1	9.997070E-3	9.217260E-5	-1.000340E-2	1.761670E-4	8.372600E+1	9.574700E+1	3.538040E+3
8.376400E+1	9.997250E-3	9.281640E-5	-1.000340E-2	1.737120E-4	8.379100E+1	9.584300E+1	3.541044E+3
8.382600E+1	9.997180E-3	9.396080E-5	-1.000330E-2	1.764540E-4	8.384800E+1	9.594000E+1	3.544041E+3
8.389000E+1	9.997230E-3	9.500980E-5	-1.000330E-2	1.771210E-4	8.391500E+1	9.604000E+1	3.547039E+3
8.395200E+1	9.997200E-3	9.286400E-5	-1.000340E-2	1.271010E-4	8.399200E+1	9.617100E+1	3.551000E+3
8.403600E+1	9.997130E-3	8.201600E-5	-1.000340E-2	1.617430E-4	8.406000E+1	9.626700E+1	3.554040E+3
8.409900E+1	9.997210E-3	7.162090E-5	-1.000350E-2	1.007560E-4	8.414200E+1	9.639700E+1	3.558002E+3
8.418400E+1	9.997170E-3	6.060600E-5	-1.000350E-2	1.402620E-4	8.420700E+1	9.649400E+1	3.561040E+3
8.425000E+1	9.997250E-3	4.019740E-5	-1.000340E-2	1.246450E-4	8.427000E+1	9.659200E+1	3.564041E+3
8.431100E+1	9.997180E-3	2.887250E-5	-1.000340E-2	6.306170E-5	8.435900E+1	9.671400E+1	3.568000E+3
8.440100E+1	9.997150E-3	2.138610E-5	-1.000350E-2	1.043800E-4	8.442700E+1	9.681000E+1	3.571041E+3
8.446800E+1	9.997140E-3	1.604560E-5	-1.000330E-2	9.634490E-5	8.449200E+1	9.690800E+1	3.574040E+3
8.453300E+1	9.997150E-3	1.978870E-5	-1.000340E-2	1.014950E-4	8.455700E+1	9.699900E+1	3.577044E+3
8.460000E+1	9.997070E-3	7.963180E-6	-1.000340E-2	8.988380E-5	8.462400E+1	9.709600E+1	3.580041E+3
8.466500E+1	9.997130E-3	1.065730E-5	-1.000340E-2	4.751680E-5	8.471400E+1	9.721900E+1	3.584000E+3
8.475600E+1	9.997090E-3	1.964570E-5	-1.000350E-2	1.013760E-4	8.478100E+1	9.731900E+1	3.587039E+3
8.482200E+1	9.997000E-3	3.528590E-5	-1.000350E-2	1.164910E-4	8.484900E+1	9.741400E+1	3.590041E+3
8.489200E+1	9.996960E-3	5.142690E-5	-1.000350E-2	1.336810E-4	8.491500E+1	9.750900E+1	3.593041E+3
8.496200E+1	9.997080E-3	5.912780E-5	-1.000350E-2	1.436000E-4	8.498600E+1	9.760400E+1	3.596040E+3
8.502800E+1	9.997040E-3	7.410050E-5	-1.000340E-2	1.147030E-4	8.507500E+1	9.772700E+1	3.600003E+3
8.512400E+1	9.997030E-3	8.432870E-5	-1.000340E-2	1.386170E-4	8.515300E+1	9.782700E+1	3.603061E+3
8.519000E+1	9.997040E-3	9.372230E-5	-1.000340E-2	1.747850E-4	8.522100E+1	9.792100E+1	3.606041E+3
8.526100E+1	9.997140E-3	1.013760E-4	-1.000330E-2	1.440290E-4	8.528600E+1	9.801700E+1	3.609060E+3
8.533400E+1	9.997120E-3	8.964540E-5	-1.000330E-2	1.424070E-4	8.535600E+1	9.810900E+1	3.612060E+3
8.540400E+1	9.997230E-3	8.807180E-5	-1.000340E-2	1.174930E-4	8.545500E+1	9.822700E+1	3.616000E+3
8.549800E+1	9.997140E-3	6.937980E-5	-1.000340E-2	1.538280E-4	8.552300E+1	9.831800E+1	3.619039E+3
8.557300E+1	9.997170E-3	5.815030E-5	-1.000340E-2	1.428370E-4	8.559800E+1	9.836600E+1	3.622044E+3
8.564900E+1	9.997120E-3	3.921990E-5	-1.000330E-2	1.210690E-4	8.568100E+1	9.837800E+1	3.625041E+3
8.573600E+1	9.997130E-3	2.253060E-5	-1.000340E-2	1.049520E-4	8.576300E+1	9.838600E+1	3.628041E+3
8.582100E+1	9.997130E-3	2.613070E-5	-1.000340E-2	5.652900E-5	8.587200E+1	9.820400E+1	3.631999E+3
8.592600E+1	9.997090E-3	1.370910E-5	-1.000340E-2	9.510520E-5	8.595400E+1	9.792500E+1	3.635041E+3
8.601000E+1	9.997100E-3	9.489060E-6	-1.000350E-2	8.940700E-5	8.603700E+1	9.743500E+1	3.638041E+3
8.608800E+1	9.997150E-3	6.413460E-6	-1.000350E-2	9.167190E-5	8.611300E+1	9.681700E+1	3.641039E+3
8.615400E+1	9.997170E-3	1.432900E-5	-1.000340E-2	9.644030E-5	8.617300E+1	9.614600E+1	3.644040E+3
8.620200E+1	9.997130E-3	1.432900E-5	-1.000350E-2	5.373950E-5	8.622600E+1	9.515000E+1	3.648001E+3
8.623900E+1	9.997160E-3	2.896790E-5	-1.000340E-2	8.306500E-5	8.624100E+1	9.428900E+1	3.651061E+3
8.623700E+1	9.997140E-3	4.351140E-5	-1.000340E-2	8.270740E-5	8.623000E+1	9.344000E+1	3.654061E+3
8.620200E+1	9.997120E-3	5.996230E-5	-1.000330E-2	1.417880E-4	8.618100E+1	9.256600E+1	3.657039E+3
8.614100E+1	9.997160E-3	6.477830E-5	-1.000330E-2	1.223330E-4	8.611700E+1	9.124600E+1	3.660060E+3
8.605300E+1	9.997160E-3	6.744860E-5	-1.000340E-2	9.667870E-5	8.590900E+1	8.860800E+1	3.664001E+3
8.571400E+1	9.997160E-3	6.816390E-5	-1.000350E-2	1.470330E-4	8.560200E+1	8.745800E+1	3.667046E+3
8.546200E+1	9.997240E-3	8.158680E-5	-1.000340E-2	1.280310E-4	8.540300E+1	8.714000E+1	3.670061E+3
8.532900E+1	9.997220E-3	8.614060E-5	-1.000340E-2	1.667500E-4	8.528900E+1	8.732400E+1	3.673041E+3
8.522900E+1	9.997180E-3	8.084770E-5	-1.000340E-2	1.270530E-4	8.519600E+1	8.732700E+1	3.676060E+3
8.514400E+1	9.997050E-3	7.350450E-5	-1.000340E-2	9.973050E-5	8.508900E+1	8.732900E+1	3.680001E+3
8.504000E+1	9.996990E-3	5.958080E-5	-1.000350E-2	1.416920E-4	8.501000E+1	8.730400E+1	3.683040E+3
8.495800E+1	9.997090E-3	2.832410E-5	-1.000340E-2	1.117940E-4	8.492900E+1	8.715700E+1	3.686039E+3
8.486900E+1	9.997190E-3	1.530650E-5	-1.000340E-2	9.751320E-5	8.483700E+1	8.697400E+1	3.689040E+3
8.478000E+1	9.997140E-3	4.553790E-6	-1.000340E-2	8.654590E-5	8.474800E+1	8.684000E+1	3.692041E+3
8.468900E+1	9.997050E-3	1.335140E-6	-1.000340E-2	3.337860E-5	8.462600E+1	8.680100E+1	3.696001E+3
8.457300E+1	9.997130E-3	4.053120E-7	-1.000340E-2	5.548000E-5	8.453900E+1	8.693200E+1	3.699060E+3
8.448200E+1	9.997110E-3	-4.768370E-8	-1.000350E-2	5.681510E-5	8.444700E+1	8.708600E+1	3.702061E+3
8.439200E+1	9.997100E-3	3.433230E-6	-1.000350E-2	7.231240E-5	8.436300E+1	8.710600E+1	3.705041E+3
8.430800E+1	9.997250E-3	1.010890E-5	-1.000350E-2	7.340910E-5	8.427600E+1	8.711500E+1	3.708039E+3
8.422300E+1	9.997160E-3	2.870560E-5	-1.000350E-2	6.732940E-5	8.416900E+1	8.711600E+1	3.712000E+3
8.411600E+1	9.997170E-3	4.901890E-5	-1.000350E-2	1.156090E-4	8.408500E+1	8.712300E+1	3.715041E+3
8.403700E+1	9.997200E-3	4.992490E-5	-1.000340E-2	1.158000E-4	8.400900E+1	8.714800E+1	3.718041E+3
8.396500E+1	9.997190E-3	6.871220E-5	-1.000340E-2	1.338960E-4	8.393800E+1	8.715600E+1	3.721046E+3
8.389600E+1	9.997050E-3	7.829670E-5	-1.000350E-2	1.328710E-4	8.386900E+1	8.716200E+1	3.724100E+3
8.382600E+1	9.997140E-3	8.366110E-5	-1.000330E-2	1.227140E-4	8.377900E+1	8.714900E+1	3.728000E+3
8.374100E+1	9.997000E-3	8.909700E-5	-1.000340E-2	1.266720E-4	8.369000E+1	8.714900E+1	3.732158E+3
8.365000E+1	9.997100E-3	8.652210E-5	-1.000340E-2	1.521830E-4	8.362600E+1	8.713400E+1	3.735040E+3
8.358500E+1	9.997140E-3	7.538800E-5	-1.000350E-2	1.458170E-4	8.356400E+1	8.711400E+1	3.738039E+3
8.351600E+1	9.997090E-3	5.874630E-5	-1.000350E-2	1.085280E-4	8.349100E+1	8.709300E+1	3.741060E+3
8.344800E+1	9.997000E-3	3.473760E-5	-1.000360E-2	6.115440E-5	8.340000E+1	8.707100E+1	3.745000E+3
8.336000E+1	9.997100E-3	1.239780E-5	-1.000350E-2	8.525850E-5	8.332900E+1	8.705900E+1	3.748046E+3
8.328900E+1	9.997050E-3	6.389620E-6	-1.000350E-2	6.613730E-5	8.326300E+1	8.703500E+1	3.751059E+3
8.321600E+1	9.997040E-3	3.504750E-6	-1.000360E-2	7.827280E-5	8.319600E+1	8.702600E+1	3.754039E+3
8.315400E+1	9.997110E-3	6.151200E-6	-1.000350E-2	8.471010E-5	8.312700E+1	8.700400E+1	3.757047E+3
8.308500E+1	9.997150E-3	2.222060E-5	-1.000340E-2	6.334780E-5	8.303500E+1	8.699000E+1	3.760999E+3
8.299400E+1	9.997100E-3	4.847050E-5	-1.000350E-2	9.229180E-5	8.294500E+1	8.696500E+1	3.764999E+3
8.292600E+1	9.997080E-3	6.690030E-5	-1.000350E-2	1.447200E-4	8.290500E+1	8.696000E+1	3.767040E+3
8.286100E+1	9.997010E-3	7.281300E-5	-1.000350E-2	1.499410E-4	8.283400E+1	8.696400E+1	3.770040E+3
8.279700E+1	9.997070E-3	7.939340E-5	-1.000340E-2	1.574280E-4	8.277500E+1	8.695500E+1	3.773040E+3
8.273100E+1	9.997040E-3	9.057520E-5	-1.000340E-2	1.276490E-4	8.269300E+1	8.695200E+1	3.777002E+3
8.267200E+1	9.997000E-3	8.497240E-5	-1.000350E-2	1.660820E-4	8.265200E+1	8.694500E+1	3.779039E+3
8.261400E+1	9.997120E-3	8.158680E-5	-1.000340E-2	1.602170E-4	8.259100E+1	8.693400E+1	3.782040E+3
