The operator was: peter
The sample measure was: Cable
The sample was biased using: 10E-3 Amps
Comments:
test run to see how the program works

Tbefore	        I+	        V+	        I-	        V-	        Tafter	        Tbase	        Time
1.517130E+2	9.997040E-3	1.271960E-4	-1.000330E-2	2.264980E-6	1.515870E+2	1.503430E+2	8.001000E+0
1.518820E+2	9.997150E-3	1.271010E-4	-1.000340E-2	6.198880E-6	1.521650E+2	1.503110E+2	1.200800E+1
1.519160E+2	9.997140E-3	1.305580E-4	-1.000340E-2	5.888940E-6	1.521630E+2	1.502740E+2	1.600000E+1
1.524040E+2	9.997140E-3	1.283650E-4	-1.000340E-2	-2.090930E-5	1.523150E+2	1.502740E+2	2.008000E+1
1.523560E+2	9.997190E-3	1.317980E-4	-1.000340E-2	4.267690E-6	1.518640E+2	1.503010E+2	2.300000E+1
1.516340E+2	9.997130E-3	1.398560E-4	-1.000340E-2	1.273160E-5	1.514580E+2	1.503480E+2	2.700000E+1
1.513160E+2	9.997120E-3	1.400950E-4	-1.000350E-2	1.342300E-5	1.511690E+2	1.504010E+2	3.103400E+1
1.510430E+2	9.997150E-3	1.400950E-4	-1.000360E-2	1.184940E-5	1.509110E+2	1.504520E+2	3.500100E+1
1.507900E+2	9.997170E-3	1.451020E-4	-1.000340E-2	1.506810E-5	1.506620E+2	1.504300E+2	3.900800E+1
1.505490E+2	9.997270E-3	1.468900E-4	-1.000340E-2	2.105240E-5	1.504350E+2	1.503400E+2	4.300000E+1
1.503270E+2	9.997180E-3	1.412390E-4	-1.000350E-2	1.771450E-5	1.502110E+2	1.502350E+2	4.703400E+1
1.501040E+2	9.997030E-3	1.420260E-4	-1.000340E-2	1.485350E-5	1.499980E+2	1.501550E+2	5.100000E+1
1.498960E+2	9.997090E-3	1.390460E-4	-1.000350E-2	1.480580E-5	1.497860E+2	1.501060E+2	5.500100E+1
1.496890E+2	9.997030E-3	1.306060E-4	-1.000340E-2	1.115800E-5	1.495920E+2	1.500970E+2	5.900200E+1
1.494930E+2	9.997190E-3	1.390460E-4	-1.000340E-2	1.320840E-5	1.493960E+2	1.501050E+2	6.303400E+1
1.493020E+2	9.997180E-3	1.293900E-4	-1.000340E-2	5.221370E-6	1.492040E+2	1.501200E+2	6.700000E+1
1.491190E+2	9.997160E-3	1.241210E-4	-1.000340E-2	-4.768370E-7	1.490220E+2	1.501330E+2	7.100000E+1
1.489320E+2	9.997160E-3	1.134870E-4	-1.000330E-2	-9.989740E-6	1.488490E+2	1.501310E+2	7.500900E+1
1.487590E+2	9.997060E-3	1.210450E-4	-1.000330E-2	-6.842610E-6	1.486760E+2	1.501110E+2	7.903400E+1
1.485920E+2	9.997150E-3	1.092670E-4	-1.000340E-2	-8.916860E-6	1.485010E+2	1.500730E+2	8.300000E+1
1.484230E+2	9.997150E-3	1.008270E-4	-1.000340E-2	-1.671310E-5	1.483390E+2	1.500230E+2	8.700000E+1
1.482640E+2	9.997170E-3	1.021150E-4	-1.000340E-2	-2.377030E-5	1.481780E+2	1.499550E+2	9.100100E+1
1.481040E+2	9.997250E-3	1.055960E-4	-1.000340E-2	-1.654620E-5	1.480180E+2	1.498610E+2	9.503400E+1
1.479440E+2	9.997140E-3	1.100060E-4	-1.000350E-2	-1.354220E-5	1.478680E+2	1.497420E+2	9.900100E+1
1.477900E+2	9.997260E-3	1.043560E-4	-1.000340E-2	-1.530650E-5	1.477110E+2	1.496080E+2	1.030000E+2
1.476390E+2	9.997140E-3	1.008750E-4	-1.000350E-2	-1.976490E-5	1.475600E+2	1.494520E+2	1.070010E+2
1.474880E+2	9.997110E-3	9.617810E-5	-1.000350E-2	-2.276900E-5	1.474070E+2	1.492620E+2	1.110350E+2
1.473360E+2	9.997170E-3	9.727480E-5	-1.000340E-2	-2.164840E-5	1.472580E+2	1.490620E+2	1.150010E+2
1.471880E+2	9.997020E-3	9.353160E-5	-1.000340E-2	-2.834800E-5	1.471100E+2	1.488550E+2	1.190000E+2
1.470390E+2	9.997080E-3	9.756090E-5	-1.000330E-2	-2.605920E-5	1.469650E+2	1.486240E+2	1.230000E+2
1.468880E+2	9.997080E-3	9.329320E-5	-1.000340E-2	-2.758500E-5	1.468110E+2	1.483800E+2	1.270330E+2
1.467370E+2	9.996990E-3	1.041890E-4	-1.000350E-2	-1.900200E-5	1.466590E+2	1.481270E+2	1.310010E+2
1.465890E+2	9.997140E-3	1.017090E-4	-1.000340E-2	-2.219680E-5	1.465110E+2	1.478550E+2	1.350000E+2
1.464390E+2	9.997160E-3	9.930130E-5	-1.000340E-2	-2.858640E-5	1.463600E+2	1.475890E+2	1.390010E+2
1.462870E+2	9.997040E-3	9.353160E-5	-1.000350E-2	-2.884860E-5	1.462060E+2	1.473060E+2	1.430330E+2
1.461310E+2	9.997100E-3	9.446140E-5	-1.000340E-2	-2.739430E-5	1.460510E+2	1.470120E+2	1.470100E+2
1.459760E+2	9.997000E-3	9.133820E-5	-1.000340E-2	-3.204350E-5	1.458960E+2	1.467180E+2	1.510010E+2
1.458160E+2	9.997070E-3	8.645060E-5	-1.000350E-2	-3.461840E-5	1.457350E+2	1.464240E+2	1.550000E+2
1.456660E+2	9.997080E-3	8.959770E-5	-1.000330E-2	-3.161430E-5	1.455800E+2	1.461300E+2	1.590350E+2
1.454980E+2	9.997030E-3	8.466240E-5	-1.000340E-2	-3.547670E-5	1.454190E+2	1.458290E+2	1.630010E+2
1.453420E+2	9.997030E-3	9.009840E-5	-1.000350E-2	-2.877710E-5	1.452580E+2	1.455370E+2	1.670000E+2
1.451740E+2	9.997150E-3	9.207730E-5	-1.000340E-2	-2.868180E-5	1.450920E+2	1.452410E+2	1.710020E+2
1.450120E+2	9.997140E-3	8.971690E-5	-1.000340E-2	-2.841950E-5	1.449290E+2	1.449500E+2	1.750330E+2
1.448480E+2	9.997100E-3	8.933540E-5	-1.000340E-2	-2.598760E-5	1.447610E+2	1.446540E+2	1.790000E+2
1.446780E+2	9.997110E-3	1.024010E-4	-1.000340E-2	-1.866820E-5	1.445910E+2	1.443630E+2	1.830090E+2
1.445060E+2	9.997280E-3	1.012560E-4	-1.000340E-2	-1.575950E-5	1.444220E+2	1.440750E+2	1.870000E+2
1.443370E+2	9.997080E-3	1.090290E-4	-1.000340E-2	-1.225470E-5	1.442460E+2	1.437860E+2	1.910340E+2
1.441640E+2	9.997150E-3	1.117940E-4	-1.000330E-2	-5.078320E-6	1.440710E+2	1.434910E+2	1.950010E+2
1.439840E+2	9.997270E-3	1.162050E-4	-1.000340E-2	2.121930E-6	1.439000E+2	1.432140E+2	1.990010E+2
1.438080E+2	9.997190E-3	1.246930E-4	-1.000330E-2	9.155270E-6	1.437200E+2	1.429270E+2	2.030000E+2
1.436320E+2	9.997200E-3	1.262900E-4	-1.000350E-2	9.489060E-6	1.435410E+2	1.426290E+2	2.070350E+2
1.434500E+2	9.997090E-3	1.240020E-4	-1.000330E-2	5.936620E-6	1.433590E+2	1.423280E+2	2.110010E+2
1.432730E+2	9.997170E-3	1.184230E-4	-1.000340E-2	3.576280E-6	1.431730E+2	1.420440E+2	2.150000E+2
1.430860E+2	9.997080E-3	1.221420E-4	-1.000330E-2	3.075600E-6	1.429940E+2	1.417540E+2	2.190100E+2
1.429050E+2	9.997120E-3	1.133680E-4	-1.000330E-2	-4.816060E-6	1.428110E+2	1.414720E+2	2.230330E+2
1.427190E+2	9.997050E-3	1.057620E-4	-1.000330E-2	-1.106260E-5	1.426260E+2	1.411950E+2	2.270000E+2
1.425330E+2	9.997260E-3	1.000640E-4	-1.000330E-2	-1.814370E-5	1.424360E+2	1.409120E+2	2.310010E+2
1.423470E+2	9.997110E-3	1.018050E-4	-1.000330E-2	-1.394750E-5	1.422480E+2	1.406410E+2	2.350010E+2
1.421520E+2	9.997170E-3	1.051660E-4	-1.000350E-2	-9.727480E-6	1.420590E+2	1.403650E+2	2.390330E+2
1.419630E+2	9.997180E-3	1.178980E-4	-1.000350E-2	-1.025200E-6	1.418660E+2	1.400940E+2	2.430000E+2
1.417730E+2	9.997150E-3	1.203060E-4	-1.000350E-2	2.145770E-6	1.416740E+2	1.398250E+2	2.470000E+2
1.415790E+2	9.997050E-3	1.275300E-4	-1.000340E-2	1.528260E-5	1.414800E+2	1.395680E+2	2.510000E+2
1.413870E+2	9.997170E-3	1.352790E-4	-1.000330E-2	2.031330E-5	1.412880E+2	1.392990E+2	2.550340E+2
1.411930E+2	9.996980E-3	1.349210E-4	-1.000340E-2	1.802440E-5	1.410910E+2	1.390350E+2	2.590000E+2
1.409960E+2	9.997100E-3	1.384740E-4	-1.000340E-2	2.179150E-5	1.408940E+2	1.387690E+2	2.629990E+2
1.407980E+2	9.997000E-3	1.342540E-4	-1.000350E-2	1.952650E-5	1.406950E+2	1.385030E+2	2.670010E+2
1.405980E+2	9.997050E-3	1.301530E-4	-1.000350E-2	1.156330E-5	1.404990E+2	1.382410E+2	2.710340E+2
1.404000E+2	9.997020E-3	1.303430E-4	-1.000340E-2	1.664160E-5	1.402980E+2	1.379850E+2	2.750000E+2
1.401960E+2	9.997100E-3	1.359700E-4	-1.000340E-2	1.881120E-5	1.400890E+2	1.377200E+2	2.790000E+2
1.399860E+2	9.997020E-3	1.381640E-4	-1.000350E-2	2.362730E-5	1.398810E+2	1.374060E+2	2.830000E+2
1.397740E+2	9.997060E-3	1.348020E-4	-1.000340E-2	1.876350E-5	1.396630E+2	1.370970E+2	2.870350E+2
1.395590E+2	9.997160E-3	1.371150E-4	-1.000350E-2	1.904960E-5	1.394480E+2	1.367720E+2	2.910110E+2
1.393410E+2	9.997200E-3	1.299140E-4	-1.000340E-2	1.196860E-5	1.392250E+2	1.364230E+2	2.949990E+2
1.391210E+2	9.997090E-3	1.228810E-4	-1.000350E-2	4.506110E-6	1.390090E+2	1.360390E+2	2.990010E+2
1.388990E+2	9.997120E-3	1.080510E-4	-1.000330E-2	-1.311300E-5	1.387860E+2	1.355630E+2	3.030330E+2
1.386800E+2	9.997340E-3	8.254050E-5	-1.000340E-2	-2.927780E-5	1.385710E+2	1.351480E+2	3.070000E+2
1.384760E+2	9.997270E-3	7.975100E-5	-1.000340E-2	-3.478530E-5	1.383730E+2	1.348060E+2	3.110000E+2
1.382770E+2	9.997270E-3	8.261200E-5	-1.000330E-2	-3.178120E-5	1.381730E+2	1.345080E+2	3.150010E+2
1.380760E+2	9.997280E-3	8.449550E-5	-1.000340E-2	-2.954010E-5	1.379730E+2	1.342470E+2	3.190350E+2
1.378750E+2	9.997250E-3	9.009840E-5	-1.000340E-2	-2.286430E-5	1.377630E+2	1.339990E+2	3.230000E+2
1.376490E+2	9.997220E-3	9.057520E-5	-1.000340E-2	-2.558230E-5	1.375280E+2	1.337050E+2	3.270100E+2
1.374130E+2	9.997250E-3	8.487700E-5	-1.000340E-2	-3.218650E-5	1.372860E+2	1.333830E+2	3.310010E+2
1.371670E+2	9.996980E-3	7.910730E-5	-1.000350E-2	-3.585820E-5	1.370430E+2	1.329520E+2	3.350340E+2
1.369280E+2	9.997230E-3	7.331370E-5	-1.000350E-2	-4.019740E-5	1.368090E+2	1.324730E+2	3.390000E+2
1.366990E+2	9.997190E-3	7.886890E-5	-1.000350E-2	-3.614430E-5	1.365820E+2	1.320930E+2	3.430010E+2
1.364740E+2	9.997180E-3	8.401870E-5	-1.000340E-2	-3.209110E-5	1.363530E+2	1.317690E+2	3.470000E+2
1.362450E+2	9.997140E-3	8.475780E-5	-1.000340E-2	-2.522470E-5	1.361250E+2	1.314770E+2	3.510340E+2
1.360150E+2	9.997160E-3	9.663110E-5	-1.000350E-2	-1.702310E-5	1.358960E+2	1.312150E+2	3.550000E+2
1.357840E+2	9.997200E-3	8.785720E-5	-1.000340E-2	-2.021790E-5	1.356700E+2	1.309690E+2	3.590010E+2
1.355570E+2	9.997170E-3	1.009230E-4	-1.000340E-2	-1.118180E-5	1.354430E+2	1.307530E+2	3.630100E+2
1.353340E+2	9.997140E-3	1.136060E-4	-1.000340E-2	1.931190E-6	1.352210E+2	1.305620E+2	3.670340E+2
1.351150E+2	9.997170E-3	1.177550E-4	-1.000350E-2	6.628040E-6	1.350030E+2	1.303860E+2	3.710000E+2
1.348900E+2	9.997220E-3	1.127960E-4	-1.000350E-2	4.529950E-7	1.347850E+2	1.302320E+2	3.750010E+2
1.346750E+2	9.997050E-3	1.107220E-4	-1.000350E-2	-4.863740E-6	1.345690E+2	1.300910E+2	3.790000E+2
1.344580E+2	9.997150E-3	9.813310E-5	-1.000350E-2	-1.437660E-5	1.343470E+2	1.299580E+2	3.830340E+2
1.342410E+2	9.997090E-3	8.792880E-5	-1.000350E-2	-2.629760E-5	1.341320E+2	1.298370E+2	3.870010E+2
1.340290E+2	9.997100E-3	7.629390E-5	-1.000340E-2	-3.526210E-5	1.339150E+2	1.297340E+2	3.910010E+2
1.338160E+2	9.997190E-3	7.545950E-5	-1.000350E-2	-2.946850E-5	1.337060E+2	1.296450E+2	3.950000E+2
1.336000E+2	9.997120E-3	9.422300E-5	-1.000330E-2	-1.270770E-5	1.334980E+2	1.295620E+2	3.990330E+2
1.333940E+2	9.997180E-3	1.071930E-4	-1.000350E-2	-1.478200E-6	1.332830E+2	1.294860E+2	4.030010E+2
1.331760E+2	9.997340E-3	1.209260E-4	-1.000350E-2	1.442430E-5	1.330590E+2	1.293850E+2	4.070000E+2
1.329520E+2	9.997150E-3	1.352790E-4	-1.000340E-2	2.737050E-5	1.328410E+2	1.292960E+2	4.110010E+2
1.327290E+2	9.997130E-3	1.292230E-4	-1.000340E-2	1.926420E-5	1.326200E+2	1.292160E+2	4.150350E+2
1.325130E+2	9.997160E-3	1.131060E-4	-1.000340E-2	-2.217290E-6	1.324010E+2	1.291390E+2	4.190010E+2
1.322930E+2	9.997220E-3	9.338860E-5	-1.000340E-2	-1.828670E-5	1.321830E+2	1.290550E+2	4.230000E+2
1.320830E+2	9.997100E-3	7.669930E-5	-1.000340E-2	-3.275870E-5	1.319660E+2	1.289630E+2	4.270000E+2
1.318660E+2	9.997210E-3	7.696150E-5	-1.000340E-2	-3.411770E-5	1.317590E+2	1.288560E+2	4.310340E+2
1.316510E+2	9.997230E-3	7.753370E-5	-1.000350E-2	-2.162460E-5	1.315470E+2	1.287540E+2	4.350100E+2
1.314430E+2	9.997190E-3	8.656980E-5	-1.000350E-2	-2.067090E-5	1.313350E+2	1.286230E+2	4.390000E+2
1.312390E+2	9.997230E-3	9.310250E-5	-1.000340E-2	-4.768370E-6	1.311300E+2	1.284880E+2	4.430020E+2
1.310300E+2	9.997040E-3	1.201150E-4	-1.000340E-2	1.494880E-5	1.309230E+2	1.283370E+2	4.470330E+2
1.308220E+2	9.997130E-3	1.276970E-4	-1.000350E-2	2.229210E-5	1.307160E+2	1.281700E+2	4.510010E+2
1.306180E+2	9.997080E-3	1.336340E-4	-1.000340E-2	2.686980E-5	1.305080E+2	1.279960E+2	4.550010E+2
1.304090E+2	9.997110E-3	1.364470E-4	-1.000340E-2	2.682210E-5	1.303050E+2	1.278030E+2	4.590000E+2
1.302030E+2	9.997120E-3	1.366620E-4	-1.000340E-2	3.073220E-5	1.300990E+2	1.275990E+2	4.630350E+2
1.299970E+2	9.997070E-3	1.329420E-4	-1.000340E-2	2.877710E-5	1.298990E+2	1.273870E+2	4.670010E+2
1.297960E+2	9.997070E-3	1.369950E-4	-1.000350E-2	2.949240E-5	1.296920E+2	1.271600E+2	4.710100E+2
1.295910E+2	9.997020E-3	1.358510E-4	-1.000340E-2	2.920630E-5	1.294840E+2	1.269380E+2	4.750000E+2
1.293840E+2	9.997090E-3	1.380440E-4	-1.000340E-2	2.343650E-5	1.292830E+2	1.267020E+2	4.790330E+2
1.291810E+2	9.997190E-3	1.326560E-4	-1.000360E-2	2.768040E-5	1.290730E+2	1.264690E+2	4.830000E+2
1.289750E+2	9.997090E-3	1.317260E-4	-1.000350E-2	2.529620E-5	1.288700E+2	1.262460E+2	4.870000E+2
1.287720E+2	9.997080E-3	1.339200E-4	-1.000340E-2	2.682210E-5	1.286610E+2	1.260120E+2	4.910010E+2
1.285610E+2	9.997080E-3	1.331330E-4	-1.000350E-2	2.362730E-5	1.284560E+2	1.257820E+2	4.950330E+2
1.283530E+2	9.997140E-3	1.200440E-4	-1.000340E-2	1.285080E-5	1.282430E+2	1.255480E+2	4.990000E+2
1.281430E+2	9.997050E-3	1.103400E-4	-1.000340E-2	5.221370E-6	1.280380E+2	1.253160E+2	5.030010E+2
1.279370E+2	9.997060E-3	1.078130E-4	-1.000350E-2	2.694130E-6	1.278290E+2	1.250910E+2	5.070110E+2
1.277280E+2	9.997200E-3	1.068120E-4	-1.000360E-2	-1.001360E-6	1.276180E+2	1.248570E+2	5.110340E+2
1.275210E+2	9.997090E-3	8.711810E-5	-1.000350E-2	-1.831050E-5	1.274110E+2	1.246320E+2	5.150010E+2
1.273080E+2	9.996990E-3	8.525850E-5	-1.000350E-2	-2.379420E-5	1.271990E+2	1.244110E+2	5.190000E+2
1.270970E+2	9.997120E-3	7.870200E-5	-1.000350E-2	-2.527240E-5	1.269880E+2	1.241870E+2	5.230010E+2
1.268880E+2	9.997150E-3	7.848740E-5	-1.000340E-2	-2.973080E-5	1.267770E+2	1.239680E+2	5.270340E+2
1.266760E+2	9.997060E-3	7.417200E-5	-1.000340E-2	-3.325940E-5	1.265660E+2	1.237480E+2	5.310000E+2
1.264620E+2	9.997110E-3	7.395740E-5	-1.000350E-2	-2.782340E-5	1.263580E+2	1.235310E+2	5.350000E+2
1.262520E+2	9.997110E-3	7.355210E-5	-1.000350E-2	-2.624990E-5	1.261440E+2	1.233200E+2	5.390010E+2
1.260420E+2	9.997160E-3	7.357600E-5	-1.000350E-2	-3.027920E-5	1.259360E+2	1.231090E+2	5.430340E+2
1.258320E+2	9.997120E-3	7.653240E-5	-1.000340E-2	-2.663140E-5	1.257210E+2	1.229010E+2	5.469990E+2
1.256160E+2	9.997170E-3	8.506780E-5	-1.000340E-2	-1.745220E-5	1.255100E+2	1.226830E+2	5.510010E+2
1.254060E+2	9.997180E-3	9.915830E-5	-1.000350E-2	-3.671650E-6	1.252940E+2	1.224720E+2	5.550000E+2
1.251950E+2	9.997090E-3	1.116990E-4	-1.000350E-2	1.540180E-5	1.250810E+2	1.222510E+2	5.590330E+2
1.249830E+2	9.997130E-3	1.241450E-4	-1.000350E-2	1.955030E-5	1.248730E+2	1.220400E+2	5.630000E+2
1.247680E+2	9.997180E-3	1.384020E-4	-1.000340E-2	3.509520E-5	1.246570E+2	1.218240E+2	5.670000E+2
1.245570E+2	9.997240E-3	1.354220E-4	-1.000350E-2	3.569130E-5	1.244460E+2	1.216040E+2	5.710000E+2
1.243430E+2	9.997210E-3	1.387120E-4	-1.000350E-2	3.833770E-5	1.242320E+2	1.213900E+2	5.750340E+2
1.241290E+2	9.997130E-3	1.309160E-4	-1.000350E-2	3.216270E-5	1.240210E+2	1.211730E+2	5.790110E+2
1.239190E+2	9.997190E-3	1.248600E-4	-1.000340E-2	2.019410E-5	1.238110E+2	1.209570E+2	5.829990E+2
1.237050E+2	9.997260E-3	9.906290E-5	-1.000340E-2	-6.222730E-6	1.235950E+2	1.207510E+2	5.870010E+2
1.234930E+2	9.997190E-3	8.385180E-5	-1.000350E-2	-1.764300E-5	1.233820E+2	1.205370E+2	5.910330E+2
1.232800E+2	9.997230E-3	7.257460E-5	-1.000340E-2	-2.975460E-5	1.231670E+2	1.203300E+2	5.950010E+2
1.230660E+2	9.997200E-3	7.808210E-5	-1.000340E-2	-1.835820E-5	1.229580E+2	1.201280E+2	5.990000E+2
1.228530E+2	9.997260E-3	1.065490E-4	-1.000330E-2	1.096730E-5	1.227480E+2	1.199300E+2	6.030000E+2
1.226420E+2	9.997190E-3	1.249070E-4	-1.000340E-2	2.279280E-5	1.225330E+2	1.197330E+2	6.070340E+2
1.224290E+2	9.997170E-3	1.336810E-4	-1.000340E-2	3.669260E-5	1.223200E+2	1.195420E+2	6.110000E+2
1.222180E+2	9.997210E-3	1.343970E-4	-1.000340E-2	4.141330E-5	1.221120E+2	1.193490E+2	6.150100E+2
1.220060E+2	9.997180E-3	1.296520E-4	-1.000350E-2	2.570150E-5	1.218970E+2	1.191600E+2	6.189990E+2
1.217910E+2	9.997020E-3	1.165150E-4	-1.000340E-2	1.165870E-5	1.216850E+2	1.189780E+2	6.230330E+2
1.215820E+2	9.997110E-3	1.009940E-4	-1.000350E-2	-1.597400E-6	1.214740E+2	1.187870E+2	6.270000E+2
1.213690E+2	9.997060E-3	9.398460E-5	-1.000350E-2	-7.677080E-6	1.212650E+2	1.186040E+2	6.310000E+2
1.211610E+2	9.996990E-3	8.871560E-5	-1.000340E-2	-1.583100E-5	1.210540E+2	1.184250E+2	6.350010E+2
1.209500E+2	9.997130E-3	7.646080E-5	-1.000340E-2	-2.729890E-5	1.208400E+2	1.182460E+2	6.390340E+2
1.207390E+2	9.997040E-3	7.119180E-5	-1.000350E-2	-2.691750E-5	1.206350E+2	1.180720E+2	6.430000E+2
1.205310E+2	9.997170E-3	7.865430E-5	-1.000340E-2	-1.773830E-5	1.204250E+2	1.178990E+2	6.470010E+2
1.203220E+2	9.997200E-3	8.292200E-5	-1.000330E-2	-1.301770E-5	1.202140E+2	1.177310E+2	6.510110E+2
1.201140E+2	9.997180E-3	1.049760E-4	-1.000340E-2	1.471040E-5	1.200100E+2	1.175620E+2	6.550330E+2
1.199100E+2	9.997060E-3	1.192090E-4	-1.000340E-2	2.386570E-5	1.198010E+2	1.173970E+2	6.590000E+2
1.197020E+2	9.997120E-3	1.307010E-4	-1.000340E-2	3.287790E-5	1.195950E+2	1.172320E+2	6.630010E+2
1.194950E+2	9.997130E-3	1.358030E-4	-1.000340E-2	3.471370E-5	1.193890E+2	1.170740E+2	6.670010E+2
1.192920E+2	9.997050E-3	1.397610E-4	-1.000340E-2	3.499980E-5	1.191870E+2	1.169170E+2	6.710340E+2
1.190870E+2	9.997160E-3	1.280550E-4	-1.000350E-2	2.436640E-5	1.189810E+2	1.167660E+2	6.750000E+2
1.188850E+2	9.997250E-3	1.177550E-4	-1.000350E-2	1.416210E-5	1.187840E+2	1.166160E+2	6.790010E+2
1.186830E+2	9.997300E-3	1.103880E-4	-1.000350E-2	1.339910E-5	1.185790E+2	1.164610E+2	6.830000E+2
1.184820E+2	9.997170E-3	1.075030E-4	-1.000340E-2	6.699560E-6	1.183770E+2	1.163150E+2	6.870350E+2
1.182810E+2	9.997140E-3	8.904930E-5	-1.000340E-2	-8.821490E-6	1.181770E+2	1.161710E+2	6.910010E+2
1.180810E+2	9.997050E-3	8.404250E-5	-1.000340E-2	-1.518730E-5	1.179790E+2	1.160260E+2	6.950000E+2
1.178800E+2	9.997050E-3	7.934570E-5	-1.000340E-2	-2.231600E-5	1.177800E+2	1.158900E+2	6.990010E+2
1.176860E+2	9.997030E-3	6.973740E-5	-1.000350E-2	-2.546310E-5	1.175820E+2	1.157440E+2	7.030350E+2
1.174850E+2	9.997150E-3	7.405280E-5	-1.000350E-2	-1.909730E-5	1.173850E+2	1.156060E+2	7.070000E+2
1.172910E+2	9.997120E-3	8.435250E-5	-1.000340E-2	-7.081030E-6	1.171920E+2	1.154690E+2	7.110010E+2
1.170990E+2	9.997220E-3	1.000880E-4	-1.000340E-2	1.316070E-5	1.169950E+2	1.153250E+2	7.150010E+2
1.169010E+2	9.997200E-3	1.178260E-4	-1.000340E-2	2.291200E-5	1.168010E+2	1.151820E+2	7.190330E+2
1.167100E+2	9.997120E-3	1.279120E-4	-1.000340E-2	3.974440E-5	1.166130E+2	1.150400E+2	7.230130E+2
1.165160E+2	9.997240E-3	1.373290E-4	-1.000330E-2	4.022120E-5	1.164170E+2	1.149050E+2	7.270000E+2
1.163300E+2	9.997220E-3	1.372340E-4	-1.000330E-2	3.764630E-5	1.162280E+2	1.147640E+2	7.310010E+2
1.161380E+2	9.997190E-3	1.298670E-4	-1.000330E-2	3.528590E-5	1.160400E+2	1.146250E+2	7.350350E+2
1.159500E+2	9.997060E-3	1.292940E-4	-1.000340E-2	2.951620E-5	1.158500E+2	1.144960E+2	7.390000E+2
1.157610E+2	9.997060E-3	1.175400E-4	-1.000320E-2	2.274510E-5	1.156620E+2	1.143580E+2	7.430000E+2
1.155730E+2	9.997080E-3	1.158950E-4	-1.000330E-2	2.086160E-5	1.154770E+2	1.142280E+2	7.470000E+2
1.153830E+2	9.997090E-3	1.213070E-4	-1.000330E-2	2.291200E-5	1.152880E+2	1.140960E+2	7.510330E+2
1.152000E+2	9.997140E-3	1.206640E-4	-1.000340E-2	2.427100E-5	1.151030E+2	1.139730E+2	7.549990E+2
1.150150E+2	9.997040E-3	1.019480E-4	-1.000330E-2	6.461140E-6	1.149200E+2	1.138450E+2	7.590130E+2
1.148350E+2	9.997150E-3	9.198190E-5	-1.000340E-2	-4.649160E-6	1.147400E+2	1.137220E+2	7.630000E+2
1.146510E+2	9.997050E-3	7.984640E-5	-1.000340E-2	-1.175400E-5	1.145560E+2	1.136030E+2	7.670340E+2
1.144720E+2	9.997120E-3	7.920270E-5	-1.000350E-2	-1.540180E-5	1.143790E+2	1.134830E+2	7.710000E+2
1.142920E+2	9.997230E-3	7.331370E-5	-1.000340E-2	-1.428130E-5	1.141980E+2	1.133660E+2	7.750010E+2
1.141080E+2	9.997080E-3	7.386210E-5	-1.000350E-2	-2.090930E-5	1.140180E+2	1.132510E+2	7.790010E+2
1.139290E+2	9.997120E-3	7.047650E-5	-1.000340E-2	-2.150540E-5	1.138370E+2	1.131260E+2	7.830330E+2
1.137530E+2	9.997130E-3	7.224080E-5	-1.000340E-2	-1.623630E-5	1.136660E+2	1.129990E+2	7.870010E+2
1.135790E+2	9.997110E-3	8.141990E-5	-1.000340E-2	-7.915500E-6	1.134900E+2	1.128780E+2	7.910000E+2
1.134020E+2	9.997210E-3	7.967950E-5	-1.000340E-2	-4.744530E-6	1.133130E+2	1.127550E+2	7.950130E+2
1.132280E+2	9.997190E-3	9.675030E-5	-1.000340E-2	6.818770E-6	1.131390E+2	1.126290E+2	7.990340E+2
1.130550E+2	9.997260E-3	1.148460E-4	-1.000330E-2	2.901550E-5	1.129650E+2	1.124970E+2	8.030000E+2
1.128830E+2	9.997200E-3	1.266960E-4	-1.000330E-2	3.736020E-5	1.127950E+2	1.123620E+2	8.070010E+2
1.127090E+2	9.997290E-3	1.333710E-4	-1.000330E-2	3.843310E-5	1.126190E+2	1.122270E+2	8.110010E+2
1.125390E+2	9.997170E-3	1.313450E-4	-1.000340E-2	4.100800E-5	1.124530E+2	1.120950E+2	8.150350E+2
1.123690E+2	9.997110E-3	1.332760E-4	-1.000340E-2	4.191400E-5	1.122830E+2	1.119540E+2	8.190010E+2
1.122000E+2	9.997060E-3	1.349210E-4	-1.000340E-2	3.933910E-5	1.121130E+2	1.118270E+2	8.230000E+2
1.120300E+2	9.997050E-3	1.312730E-4	-1.000350E-2	3.814700E-5	1.119440E+2	1.116950E+2	8.270000E+2
1.118650E+2	9.997050E-3	1.122000E-4	-1.000350E-2	1.745220E-5	1.117760E+2	1.115720E+2	8.310340E+2
1.116910E+2	9.997120E-3	9.934900E-5	-1.000350E-2	4.124640E-6	1.116100E+2	1.114560E+2	8.350000E+2
1.115300E+2	9.997200E-3	8.997920E-5	-1.000350E-2	-6.914140E-7	1.114480E+2	1.113390E+2	8.390010E+2
1.113630E+2	9.997120E-3	8.089540E-5	-1.000340E-2	-8.797650E-6	1.112750E+2	1.112270E+2	8.430000E+2
1.111980E+2	9.997260E-3	6.859300E-5	-1.000350E-2	-1.997950E-5	1.111110E+2	1.111200E+2	8.470350E+2
1.110380E+2	9.997150E-3	7.004740E-5	-1.000350E-2	-2.064700E-5	1.109500E+2	1.110140E+2	8.510010E+2
1.108730E+2	9.997210E-3	7.493500E-5	-1.000340E-2	-1.235010E-5	1.107900E+2	1.109020E+2	8.550010E+2
1.107130E+2	9.997110E-3	8.802410E-5	-1.000340E-2	9.536740E-6	1.106240E+2	1.108030E+2	8.590000E+2
1.105460E+2	9.997200E-3	1.195430E-4	-1.000330E-2	4.177090E-5	1.104690E+2	1.106940E+2	8.630350E+2
1.103910E+2	9.997090E-3	1.380210E-4	-1.000350E-2	4.787450E-5	1.103060E+2	1.105910E+2	8.670130E+2
1.102320E+2	9.997150E-3	1.397850E-4	-1.000330E-2	4.336830E-5	1.101500E+2	1.104860E+2	8.710010E+2
1.100740E+2	9.997170E-3	1.125570E-4	-1.000330E-2	1.792910E-5	1.099910E+2	1.103830E+2	8.750010E+2
1.099140E+2	9.997180E-3	8.237360E-5	-1.000330E-2	-8.249280E-6	1.098370E+2	1.102810E+2	8.790330E+2
1.097580E+2	9.997080E-3	6.501670E-5	-1.000340E-2	-2.112390E-5	1.096820E+2	1.101820E+2	8.830000E+2
1.096030E+2	9.997030E-3	7.491110E-5	-1.000340E-2	-1.094340E-5	1.095220E+2	1.100800E+2	8.870010E+2
1.094370E+2	9.997190E-3	8.435250E-5	-1.000330E-2	8.344650E-6	1.093520E+2	1.099570E+2	8.910010E+2
1.092690E+2	9.997070E-3	1.116990E-4	-1.000330E-2	2.660750E-5	1.091830E+2	1.096630E+2	8.950340E+2
1.090990E+2	9.997140E-3	1.363040E-4	-1.000330E-2	4.749300E-5	1.090110E+2	1.092250E+2	8.990010E+2
1.089320E+2	9.997240E-3	1.284600E-4	-1.000330E-2	3.650190E-5	1.088470E+2	1.087660E+2	9.030140E+2
1.087630E+2	9.997290E-3	9.961130E-5	-1.000330E-2	6.413460E-6	1.086760E+2	1.085120E+2	9.070000E+2
1.085950E+2	9.997300E-3	7.517340E-5	-1.000340E-2	-2.045630E-5	1.085050E+2	1.081890E+2	9.110340E+2
1.084220E+2	9.997330E-3	6.606580E-5	-1.000340E-2	-1.826290E-5	1.083280E+2	1.079560E+2	9.150010E+2
1.082470E+2	9.997210E-3	7.278920E-5	-1.000340E-2	-4.053120E-7	1.081530E+2	1.076270E+2	9.190000E+2
1.080640E+2	9.997170E-3	9.613040E-5	-1.000340E-2	1.895430E-5	1.079760E+2	1.071680E+2	9.230000E+2
1.078840E+2	9.997250E-3	1.199960E-4	-1.000330E-2	3.216270E-5	1.077920E+2	1.068610E+2	9.270340E+2
1.077040E+2	9.997190E-3	1.279590E-4	-1.000340E-2	4.498960E-5	1.076170E+2	1.066310E+2	9.310000E+2
1.075350E+2	9.997230E-3	1.375680E-4	-1.000330E-2	5.264280E-5	1.074500E+2	1.064770E+2	9.350000E+2
1.073720E+2	9.997340E-3	1.367090E-4	-1.000330E-2	5.319120E-5	1.072870E+2	1.063630E+2	9.390130E+2
1.072020E+2	9.997300E-3	1.234530E-4	-1.000340E-2	3.645420E-5	1.071220E+2	1.062650E+2	9.430340E+2
1.070300E+2	9.997310E-3	9.896760E-5	-1.000340E-2	6.127360E-6	1.069460E+2	1.061710E+2	9.470010E+2
1.068620E+2	9.997280E-3	7.328990E-5	-1.000330E-2	-2.202990E-5	1.067750E+2	1.060830E+2	9.510010E+2
1.066860E+2	9.997180E-3	6.723400E-5	-1.000340E-2	-1.175400E-5	1.065980E+2	1.060040E+2	9.550000E+2
1.065170E+2	9.997210E-3	8.471010E-5	-1.000350E-2	1.554490E-5	1.064310E+2	1.059490E+2	9.590340E+2
1.063490E+2	9.997100E-3	1.178260E-4	-1.000350E-2	4.436970E-5	1.062610E+2	1.059030E+2	9.630000E+2
1.061790E+2	9.997130E-3	1.379970E-4	-1.000350E-2	5.216600E-5	1.060960E+2	1.058750E+2	9.670010E+2
1.060090E+2	9.997140E-3	1.239780E-4	-1.000350E-2	3.428460E-5	1.059270E+2	1.058490E+2	9.710010E+2
1.058430E+2	9.997130E-3	1.005650E-4	-1.000350E-2	9.655950E-6	1.057600E+2	1.058370E+2	9.750350E+2
1.056770E+2	9.997060E-3	8.127690E-5	-1.000350E-2	-7.796290E-6	1.055870E+2	1.058130E+2	9.790010E+2
1.055080E+2	9.997170E-3	6.418230E-5	-1.000330E-2	-2.052780E-5	1.054210E+2	1.058050E+2	9.830000E+2
1.053460E+2	9.997140E-3	7.183550E-5	-1.000340E-2	-6.127360E-6	1.052540E+2	1.057870E+2	9.870010E+2
1.051790E+2	9.997150E-3	8.487700E-5	-1.000340E-2	1.032350E-5	1.050960E+2	1.057650E+2	9.910330E+2
1.050190E+2	9.997210E-3	1.074310E-4	-1.000340E-2	2.679820E-5	1.049390E+2	1.057280E+2	9.950010E+2
1.048600E+2	9.997180E-3	1.231430E-4	-1.000340E-2	4.541870E-5	1.047820E+2	1.056880E+2	9.990010E+2
1.047050E+2	9.997080E-3	1.326320E-4	-1.000340E-2	5.905630E-5	1.046260E+2	1.056350E+2	1.003001E+3
1.045510E+2	9.997030E-3	1.386400E-4	-1.000340E-2	5.259510E-5	1.044710E+2	1.055670E+2	1.007034E+3
1.043930E+2	9.997090E-3	1.376390E-4	-1.000330E-2	5.352500E-5	1.043150E+2	1.053260E+2	1.011014E+3
1.042370E+2	9.997120E-3	1.348500E-4	-1.000330E-2	5.533700E-5	1.041590E+2	1.049960E+2	1.015001E+3
1.040820E+2	9.997150E-3	1.299860E-4	-1.000340E-2	4.549030E-5	1.039970E+2	1.045950E+2	1.019001E+3
1.039200E+2	9.997080E-3	1.092670E-4	-1.000340E-2	2.329350E-5	1.038350E+2	1.041000E+2	1.023034E+3
1.037550E+2	9.997050E-3	9.131430E-5	-1.000330E-2	6.842610E-6	1.036670E+2	1.036860E+2	1.027000E+3
1.035910E+2	9.997250E-3	7.624630E-5	-1.000330E-2	-3.385540E-6	1.035020E+2	1.033120E+2	1.031000E+3
1.034210E+2	9.997260E-3	6.644730E-5	-1.000340E-2	-1.358990E-5	1.033360E+2	1.031280E+2	1.035000E+3
1.032510E+2	9.997090E-3	6.449220E-5	-1.000340E-2	-8.225440E-6	1.031600E+2	1.029890E+2	1.039033E+3
1.030810E+2	9.997050E-3	8.497240E-5	-1.000340E-2	1.292230E-5	1.029850E+2	1.028030E+2	1.043002E+3
1.028950E+2	9.997180E-3	1.195910E-4	-1.000350E-2	4.446510E-5	1.028030E+2	1.023890E+2	1.047014E+3
1.027160E+2	9.997050E-3	1.380680E-4	-1.000340E-2	6.117820E-5	1.026210E+2	1.021800E+2	1.051003E+3
1.025270E+2	9.997180E-3	1.227380E-4	-1.000340E-2	3.614430E-5	1.024310E+2	1.017720E+2	1.055033E+3
1.023380E+2	9.997170E-3	6.911750E-5	-1.000340E-2	-1.506810E-5	1.022420E+2	1.015410E+2	1.059001E+3
1.021510E+2	9.997210E-3	5.986690E-5	-1.000340E-2	-8.034710E-6	1.020500E+2	1.011580E+2	1.063001E+3
1.019580E+2	9.997160E-3	9.722710E-5	-1.000340E-2	3.397460E-5	1.018570E+2	1.008250E+2	1.067000E+3
1.017630E+2	9.997220E-3	1.324420E-4	-1.000340E-2	5.707740E-5	1.016580E+2	1.005380E+2	1.071035E+3
1.015650E+2	9.997220E-3	1.210690E-4	-1.000350E-2	3.831390E-5	1.014600E+2	1.001740E+2	1.075002E+3
1.013630E+2	9.997100E-3	9.460450E-5	-1.000340E-2	4.506110E-6	1.012620E+2	1.000130E+2	1.079001E+3
1.011660E+2	9.997180E-3	6.685260E-5	-1.000350E-2	-1.633170E-5	1.010620E+2	9.973700E+1	1.083013E+3
1.009600E+2	9.997170E-3	6.256100E-5	-1.000340E-2	-1.027580E-5	1.008560E+2	9.948700E+1	1.087034E+3
1.007600E+2	9.997240E-3	8.728500E-5	-1.000350E-2	3.571510E-5	1.006490E+2	9.934300E+1	1.091002E+3
1.005510E+2	9.997180E-3	1.271720E-4	-1.000350E-2	5.607600E-5	1.004470E+2	9.896700E+1	1.095001E+3
1.003440E+2	9.997260E-3	1.364950E-4	-1.000330E-2	5.402570E-5	1.002410E+2	9.873400E+1	1.099002E+3
1.001350E+2	9.997200E-3	1.208070E-4	-1.000340E-2	3.776550E-5	1.000350E+2	9.860500E+1	1.103033E+3
9.993100E+1	9.997160E-3	9.567740E-5	-1.000340E-2	1.215930E-5	9.982400E+1	9.822800E+1	1.107000E+3
9.972000E+1	9.997140E-3	6.785390E-5	-1.000340E-2	-8.177760E-6	9.961300E+1	9.800300E+1	1.111001E+3
9.951200E+1	9.997200E-3	5.972390E-5	-1.000350E-2	-1.523490E-5	9.940600E+1	9.788200E+1	1.115000E+3
9.930300E+1	9.997190E-3	5.848410E-5	-1.000340E-2	-1.471040E-5	9.919200E+1	9.759000E+1	1.119033E+3
9.909200E+1	9.997180E-3	5.970000E-5	-1.000340E-2	-1.404290E-5	9.898100E+1	9.743100E+1	1.123001E+3
9.887900E+1	9.997120E-3	5.774500E-5	-1.000340E-2	-1.339910E-5	9.876700E+1	9.703500E+1	1.127001E+3
9.866200E+1	9.997180E-3	5.943780E-5	-1.000340E-2	-8.058550E-6	9.855300E+1	9.670000E+1	1.131002E+3
9.844900E+1	9.997220E-3	6.830690E-5	-1.000330E-2	-2.622600E-6	9.834200E+1	9.642500E+1	1.135033E+3
9.824000E+1	9.997070E-3	7.064340E-5	-1.000330E-2	2.861020E-7	9.813100E+1	9.631400E+1	1.139001E+3
9.803600E+1	9.997100E-3	7.288460E-5	-1.000340E-2	-2.527240E-6	9.792400E+1	9.625700E+1	1.143001E+3
9.782200E+1	9.997100E-3	6.897450E-5	-1.000340E-2	3.814700E-7	9.771300E+1	9.622800E+1	1.147002E+3
9.761300E+1	9.997050E-3	7.762910E-5	-1.000330E-2	3.862380E-6	9.750600E+1	9.621700E+1	1.151034E+3
9.740700E+1	9.997110E-3	7.667540E-5	-1.000340E-2	5.817410E-6	9.730000E+1	9.621700E+1	1.155013E+3
9.719900E+1	9.997080E-3	7.438660E-5	-1.000340E-2	8.010860E-6	9.709500E+1	9.622400E+1	1.159003E+3
9.700000E+1	9.997140E-3	6.239410E-5	-1.000340E-2	-1.001360E-5	9.689900E+1	9.623100E+1	1.163001E+3
9.680500E+1	9.997120E-3	5.812650E-5	-1.000340E-2	-1.490120E-5	9.670500E+1	9.624000E+1	1.167033E+3
9.661200E+1	9.997210E-3	5.469320E-5	-1.000340E-2	-1.375680E-5	9.651100E+1	9.623900E+1	1.171001E+3
9.642000E+1	9.997250E-3	5.548000E-5	-1.000340E-2	-1.084800E-5	9.632900E+1	9.622100E+1	1.175000E+3
9.624100E+1	9.997250E-3	6.904600E-5	-1.000340E-2	-3.099440E-7	9.614000E+1	9.618800E+1	1.179002E+3
9.605900E+1	9.997130E-3	7.324220E-5	-1.000340E-2	6.270410E-6	9.596700E+1	9.615300E+1	1.183034E+3
9.588600E+1	9.997250E-3	8.401870E-5	-1.000340E-2	2.264980E-5	9.579200E+1	9.609700E+1	1.187002E+3
9.571100E+1	9.997310E-3	1.034260E-4	-1.000340E-2	3.819470E-5	9.562000E+1	9.601100E+1	1.191014E+3
9.553600E+1	9.997180E-3	1.151080E-4	-1.000350E-2	5.483630E-5	9.545100E+1	9.579200E+1	1.195001E+3
9.536100E+1	9.997230E-3	1.326320E-4	-1.000330E-2	6.656650E-5	9.527700E+1	9.567400E+1	1.199035E+3
9.519400E+1	9.997280E-3	1.271720E-4	-1.000340E-2	6.496910E-5	9.510200E+1	9.552000E+1	1.203001E+3
9.502000E+1	9.997240E-3	1.268150E-4	-1.000330E-2	6.482600E-5	9.493500E+1	9.538100E+1	1.207001E+3
9.485200E+1	9.997250E-3	1.168010E-4	-1.000340E-2	5.466940E-5	9.476900E+1	9.527400E+1	1.211000E+3
9.468500E+1	9.997140E-3	8.454320E-5	-1.000340E-2	1.904960E-5	9.459900E+1	9.501700E+1	1.215033E+3
9.451400E+1	9.997160E-3	6.353860E-5	-1.000350E-2	2.503400E-6	9.442800E+1	9.478400E+1	1.219001E+3
9.434600E+1	9.997120E-3	5.540850E-5	-1.000350E-2	-6.413460E-6	9.425600E+1	9.470100E+1	1.223002E+3
9.417500E+1	9.997180E-3	5.180840E-5	-1.000340E-2	-3.504750E-6	9.408600E+1	9.456100E+1	1.227014E+3
9.400200E+1	9.997240E-3	6.449220E-5	-1.000330E-2	9.036060E-6	9.391700E+1	9.438600E+1	1.231034E+3
9.383600E+1	9.997180E-3	8.730890E-5	-1.000340E-2	4.382130E-5	9.374900E+1	9.431400E+1	1.235003E+3
9.367000E+1	9.997170E-3	1.111030E-4	-1.000340E-2	5.877020E-5	9.358400E+1	9.422700E+1	1.239002E+3
9.349700E+1	9.997260E-3	1.160380E-4	-1.000340E-2	6.775860E-5	9.341300E+1	9.407700E+1	1.243000E+3
9.333300E+1	9.997140E-3	1.176120E-4	-1.000340E-2	7.545950E-5	9.324800E+1	9.399200E+1	1.247034E+3
9.316500E+1	9.997260E-3	1.198530E-4	-1.000350E-2	8.530620E-5	9.308200E+1	9.379200E+1	1.251002E+3
9.300400E+1	9.997090E-3	1.174450E-4	-1.000350E-2	8.351800E-5	9.291800E+1	9.362400E+1	1.255002E+3
9.283500E+1	9.997050E-3	1.054530E-4	-1.000360E-2	8.709430E-5	9.274900E+1	9.357200E+1	1.259001E+3
9.266900E+1	9.997070E-3	1.047130E-4	-1.000340E-2	9.291170E-5	9.258700E+1	9.351800E+1	1.263034E+3
9.250700E+1	9.997140E-3	9.934900E-5	-1.000340E-2	8.504390E-5	9.242200E+1	9.331200E+1	1.267003E+3
9.234400E+1	9.997150E-3	9.639260E-5	-1.000350E-2	1.077180E-4	9.226400E+1	9.319700E+1	1.271002E+3
9.218200E+1	9.997090E-3	9.694100E-5	-1.000350E-2	1.059060E-4	9.209800E+1	9.314600E+1	1.275001E+3
9.202500E+1	9.997120E-3	8.981230E-5	-1.000350E-2	1.109840E-4	9.193800E+1	9.303100E+1	1.279034E+3
9.186100E+1	9.997280E-3	8.897780E-5	-1.000340E-2	1.038790E-4	9.177900E+1	9.275800E+1	1.283001E+3
9.170100E+1	9.997200E-3	8.196830E-5	-1.000360E-2	1.072170E-4	9.162100E+1	9.262900E+1	1.287003E+3
9.154100E+1	9.997160E-3	9.100440E-5	-1.000360E-2	1.144650E-4	9.146100E+1	9.259400E+1	1.291001E+3
9.138800E+1	9.997170E-3	8.754730E-5	-1.000350E-2	1.148460E-4	9.130000E+1	9.248000E+1	1.295033E+3
9.122500E+1	9.997150E-3	9.083750E-5	-1.000360E-2	1.127000E-4	9.114600E+1	9.239300E+1	1.299015E+3
9.107100E+1	9.997070E-3	8.790490E-5	-1.000360E-2	1.106740E-4	9.099200E+1	9.228500E+1	1.303002E+3
9.091600E+1	9.997090E-3	8.676050E-5	-1.000370E-2	1.146790E-4	9.083300E+1	9.212200E+1	1.307003E+3
9.075800E+1	9.997010E-3	8.606910E-5	-1.000360E-2	1.091000E-4	9.068000E+1	9.203700E+1	1.311033E+3
9.060300E+1	9.997150E-3	7.884500E-5	-1.000360E-2	1.028540E-4	9.052300E+1	9.194900E+1	1.315001E+3
9.044900E+1	9.997090E-3	5.841260E-5	-1.000350E-2	8.585450E-5	9.037300E+1	9.180100E+1	1.319003E+3
9.029600E+1	9.997100E-3	5.130770E-5	-1.000350E-2	7.674690E-5	9.021700E+1	9.174300E+1	1.323002E+3
9.014500E+1	9.997170E-3	4.436970E-5	-1.000350E-2	7.302760E-5	9.006700E+1	9.158900E+1	1.327034E+3
8.999600E+1	9.997170E-3	5.490780E-5	-1.000360E-2	6.039140E-5	8.991800E+1	9.143400E+1	1.331002E+3
8.984500E+1	9.997150E-3	2.331730E-5	-1.000350E-2	4.122260E-5	8.976700E+1	9.139500E+1	1.335015E+3
8.969700E+1	9.997170E-3	1.139640E-5	-1.000340E-2	4.119870E-5	8.962300E+1	9.130500E+1	1.339003E+3
8.954800E+1	9.997120E-3	1.597400E-5	-1.000340E-2	4.687310E-5	8.947200E+1	9.115000E+1	1.343035E+3
8.939900E+1	9.997070E-3	2.920630E-5	-1.000330E-2	6.232260E-5	8.932300E+1	9.109300E+1	1.347001E+3
8.925300E+1	9.997310E-3	5.395410E-5	-1.000340E-2	8.974080E-5	8.918100E+1	9.101800E+1	1.351002E+3
8.910400E+1	9.997180E-3	7.972720E-5	-1.000340E-2	1.163010E-4	8.903200E+1	9.084700E+1	1.355003E+3
8.896100E+1	9.997250E-3	8.897780E-5	-1.000340E-2	1.175640E-4	8.889000E+1	9.077000E+1	1.359033E+3
8.882100E+1	9.997290E-3	8.153920E-5	-1.000340E-2	1.074790E-4	8.874700E+1	9.071400E+1	1.363003E+3
8.867800E+1	9.997180E-3	8.273120E-5	-1.000360E-2	9.474750E-5	8.860300E+1	9.055700E+1	1.367002E+3
8.853100E+1	9.997120E-3	3.616810E-5	-1.000360E-2	6.151200E-5	8.845800E+1	9.049700E+1	1.371015E+3
8.839300E+1	9.997180E-3	1.695160E-5	-1.000350E-2	4.801750E-5	8.832100E+1	9.046500E+1	1.375034E+3
8.825300E+1	9.997160E-3	7.009510E-6	-1.000340E-2	3.604890E-5	8.818100E+1	9.032000E+1	1.379002E+3
8.811700E+1	9.997230E-3	4.267690E-6	-1.000340E-2	3.299710E-5	8.804500E+1	9.021800E+1	1.383003E+3
8.797900E+1	9.997290E-3	5.912780E-6	-1.000350E-2	3.848080E-5	8.790600E+1	9.019900E+1	1.387001E+3
8.784500E+1	9.997280E-3	2.193450E-5	-1.000350E-2	5.831720E-5	8.777000E+1	9.009500E+1	1.391034E+3
8.770800E+1	9.997320E-3	3.623960E-5	-1.000360E-2	7.679460E-5	8.763600E+1	8.991800E+1	1.395003E+3
8.756900E+1	9.997290E-3	5.674360E-5	-1.000360E-2	9.291170E-5	8.750000E+1	8.986800E+1	1.399003E+3
8.743900E+1	9.997180E-3	5.097390E-5	-1.000350E-2	1.070020E-4	8.736800E+1	8.987400E+1	1.403001E+3
8.730500E+1	9.997140E-3	8.351800E-5	-1.000340E-2	1.173260E-4	8.723800E+1	8.982200E+1	1.407035E+3
8.717600E+1	9.997090E-3	7.994180E-5	-1.000350E-2	1.036410E-4	8.710700E+1	8.969700E+1	1.411002E+3
8.704800E+1	9.997080E-3	7.615090E-5	-1.000340E-2	1.111030E-4	8.698000E+1	8.966300E+1	1.415002E+3
8.691900E+1	9.997180E-3	7.267000E-5	-1.000340E-2	1.057150E-4	8.685200E+1	8.966700E+1	1.419001E+3
8.679400E+1	9.997220E-3	6.616120E-5	-1.000340E-2	1.057860E-4	8.672700E+1	8.960800E+1	1.423033E+3
8.666800E+1	9.997080E-3	6.997590E-5	-1.000330E-2	1.033310E-4	8.660500E+1	8.952900E+1	1.427003E+3
8.654500E+1	9.997110E-3	6.785390E-5	-1.000340E-2	1.031880E-4	8.648500E+1	8.945300E+1	1.431002E+3
8.642700E+1	9.997110E-3	6.995200E-5	-1.000350E-2	1.061200E-4	8.636100E+1	8.930700E+1	1.435003E+3
8.630300E+1	9.997080E-3	6.716250E-5	-1.000340E-2	1.176830E-4	8.623700E+1	8.925600E+1	1.439034E+3
8.618600E+1	9.997170E-3	8.718970E-5	-1.000350E-2	1.248600E-4	8.612300E+1	8.925600E+1	1.443016E+3
8.606700E+1	9.997060E-3	8.447170E-5	-1.000340E-2	1.239540E-4	8.600600E+1	8.913100E+1	1.447002E+3
8.595000E+1	9.997210E-3	7.872580E-5	-1.000340E-2	1.135110E-4	8.588900E+1	8.902300E+1	1.451003E+3
8.583200E+1	9.997220E-3	7.686610E-5	-1.000340E-2	1.102920E-4	8.577000E+1	8.900600E+1	1.455034E+3
8.571700E+1	9.996980E-3	5.571840E-5	-1.000340E-2	9.238720E-5	8.565700E+1	8.901400E+1	1.459003E+3
8.560300E+1	9.997100E-3	4.241470E-5	-1.000340E-2	7.226470E-5	8.554600E+1	8.888200E+1	1.463004E+3
8.549100E+1	9.997220E-3	2.899170E-5	-1.000340E-2	5.939010E-5	8.543000E+1	8.878500E+1	1.467003E+3
8.537700E+1	9.997140E-3	1.881120E-5	-1.000330E-2	4.992490E-5	8.531900E+1	8.877000E+1	1.471034E+3
8.526300E+1	9.997190E-3	2.431870E-5	-1.000330E-2	4.236700E-5	8.520600E+1	8.878400E+1	1.475003E+3
8.515500E+1	9.997250E-3	9.059910E-7	-1.000330E-2	3.683570E-5	8.510200E+1	8.870000E+1	1.479015E+3
8.504700E+1	9.997220E-3	1.716610E-6	-1.000330E-2	4.220010E-5	8.499300E+1	8.855200E+1	1.483002E+3
8.493900E+1	9.997190E-3	2.908710E-6	-1.000350E-2	4.169940E-5	8.488400E+1	8.848700E+1	1.487034E+3
8.483100E+1	9.997290E-3	3.719330E-6	-1.000350E-2	4.427430E-5	8.478000E+1	8.849000E+1	1.491002E+3
8.472700E+1	9.997180E-3	1.523490E-5	-1.000350E-2	5.555150E-5	8.467400E+1	8.849800E+1	1.495002E+3
8.462100E+1	9.997170E-3	1.816750E-5	-1.000340E-2	6.034370E-5	8.457100E+1	8.846700E+1	1.499003E+3
8.452100E+1	9.997220E-3	2.722740E-5	-1.000340E-2	6.864070E-5	8.447300E+1	8.835900E+1	1.503033E+3
8.441800E+1	9.997130E-3	3.416540E-5	-1.000350E-2	7.505420E-5	8.436700E+1	8.827200E+1	1.507003E+3
8.431900E+1	9.997160E-3	2.803800E-5	-1.000350E-2	9.980200E-5	8.426500E+1	8.825900E+1	1.511003E+3
8.422000E+1	9.997090E-3	6.937980E-5	-1.000350E-2	1.098630E-4	8.416600E+1	8.825400E+1	1.515017E+3
8.411700E+1	9.997260E-3	7.429120E-5	-1.000350E-2	8.130070E-5	8.407000E+1	8.813300E+1	1.519036E+3
8.401800E+1	9.997170E-3	7.476810E-5	-1.000340E-2	1.175880E-4	8.396500E+1	8.796200E+1	1.523002E+3
8.391700E+1	9.997270E-3	7.994180E-5	-1.000340E-2	1.171110E-4	8.386100E+1	8.778600E+1	1.527003E+3
8.381500E+1	9.997140E-3	8.709430E-5	-1.000340E-2	1.241450E-4	8.376400E+1	8.759500E+1	1.531004E+3
8.371600E+1	9.997210E-3	8.487700E-5	-1.000340E-2	1.206640E-4	8.365800E+1	8.737400E+1	1.535034E+3
8.360400E+1	9.997250E-3	7.965560E-5	-1.000340E-2	1.151080E-4	8.354400E+1	8.714600E+1	1.539002E+3
8.348100E+1	9.997130E-3	7.357600E-5	-1.000330E-2	1.136060E-4	8.340100E+1	8.676400E+1	1.543002E+3
8.333800E+1	9.997260E-3	7.514950E-5	-1.000340E-2	9.551050E-5	8.327300E+1	8.656400E+1	1.547004E+3
8.321600E+1	9.997140E-3	5.552770E-5	-1.000330E-2	9.317400E-5	8.314800E+1	8.650900E+1	1.551034E+3
8.308900E+1	9.997160E-3	5.908010E-5	-1.000330E-2	1.083850E-4	8.302500E+1	8.651100E+1	1.555002E+3
8.296600E+1	9.997070E-3	6.906990E-5	-1.000340E-2	1.060250E-4	8.290700E+1	8.652600E+1	1.559003E+3
8.285000E+1	9.997070E-3	7.843970E-5	-1.000340E-2	1.116510E-4	8.278600E+1	8.654000E+1	1.563004E+3
8.272800E+1	9.997220E-3	8.132460E-5	-1.000330E-2	1.212360E-4	8.266700E+1	8.658100E+1	1.567033E+3
8.261000E+1	9.997360E-3	8.659360E-5	-1.000330E-2	1.259800E-4	8.255500E+1	8.657400E+1	1.571003E+3
8.249600E+1	9.997300E-3	8.277890E-5	-1.000340E-2	1.191850E-4	8.243900E+1	8.655600E+1	1.575002E+3
8.237900E+1	9.997280E-3	7.116790E-5	-1.000330E-2	1.022340E-4	8.232200E+1	8.654300E+1	1.579003E+3
8.226900E+1	9.997350E-3	2.794270E-5	-1.000320E-2	9.500980E-5	8.221400E+1	8.652300E+1	1.583033E+3
8.216400E+1	9.997370E-3	3.099440E-5	-1.000330E-2	6.380080E-5	8.210700E+1	8.652400E+1	1.587017E+3
8.205400E+1	9.997250E-3	1.335140E-5	-1.000340E-2	4.110340E-5	8.200100E+1	8.652500E+1	1.591003E+3
8.195100E+1	9.997260E-3	5.292890E-6	-1.000330E-2	4.417900E-5	8.189900E+1	8.651000E+1	1.595004E+3
8.184800E+1	9.997280E-3	1.163480E-5	-1.000340E-2	4.324910E-5	8.179600E+1	8.648500E+1	1.599034E+3
8.174400E+1	9.997180E-3	2.980230E-6	-1.000340E-2	3.993510E-5	8.169400E+1	8.640500E+1	1.603004E+3
8.164300E+1	9.997120E-3	2.932550E-6	-1.000340E-2	3.967290E-5	8.158900E+1	8.631200E+1	1.607003E+3
8.154100E+1	9.997160E-3	5.507470E-6	-1.000340E-2	4.258160E-5	8.149000E+1	8.621000E+1	1.611004E+3
8.144000E+1	9.997130E-3	1.270770E-5	-1.000340E-2	4.484650E-5	8.139100E+1	8.610900E+1	1.615034E+3
8.134400E+1	9.997090E-3	1.926420E-5	-1.000340E-2	5.552770E-5	8.128900E+1	8.603900E+1	1.619004E+3
8.124500E+1	9.997130E-3	2.927780E-5	-1.000340E-2	6.945130E-5	8.119400E+1	8.603400E+1	1.623016E+3
8.115100E+1	9.997130E-3	5.130770E-5	-1.000340E-2	9.403230E-5	8.110400E+1	8.614300E+1	1.627004E+3
8.105900E+1	9.997140E-3	6.747250E-5	-1.000350E-2	1.113180E-4	8.101700E+1	8.624700E+1	1.631033E+3
8.097500E+1	9.997220E-3	6.914140E-5	-1.000340E-2	1.097440E-4	8.093400E+1	8.635200E+1	1.635005E+3
8.089400E+1	9.997230E-3	7.963180E-5	-1.000350E-2	1.162770E-4	8.085400E+1	8.639900E+1	1.639003E+3
8.081400E+1	9.997110E-3	8.080010E-5	-1.000340E-2	1.176360E-4	8.077000E+1	8.645100E+1	1.643004E+3
8.073700E+1	9.997070E-3	8.454320E-5	-1.000360E-2	1.255510E-4	8.070100E+1	8.652800E+1	1.647034E+3
8.066900E+1	9.997150E-3	8.251670E-5	-1.000350E-2	1.197810E-4	8.063200E+1	8.651900E+1	1.651005E+3
8.060000E+1	9.997090E-3	8.897780E-5	-1.000350E-2	1.220230E-4	8.056600E+1	8.650800E+1	1.655003E+3
8.053000E+1	9.996980E-3	8.690360E-5	-1.000350E-2	1.205680E-4	8.049400E+1	8.648700E+1	1.659017E+3
8.046400E+1	9.997030E-3	8.261200E-5	-1.000350E-2	1.229760E-4	8.043200E+1	8.646700E+1	1.663036E+3
8.040300E+1	9.997230E-3	7.741450E-5	-1.000340E-2	1.122710E-4	8.036800E+1	8.647700E+1	1.667002E+3
8.033900E+1	9.997160E-3	5.590920E-5	-1.000340E-2	8.945470E-5	8.030600E+1	8.646000E+1	1.671004E+3
8.027600E+1	9.997190E-3	3.852840E-5	-1.000330E-2	7.569790E-5	8.024200E+1	8.640800E+1	1.675004E+3
8.021500E+1	9.997090E-3	2.646450E-5	-1.000340E-2	5.674360E-5	8.018400E+1	8.630300E+1	1.679034E+3
8.015100E+1	9.997030E-3	1.366140E-5	-1.000340E-2	4.899500E-5	8.011900E+1	8.615300E+1	1.683004E+3
8.008700E+1	9.997120E-3	2.956390E-6	-1.000330E-2	3.938670E-5	8.005000E+1	8.600400E+1	1.687003E+3
8.001600E+1	9.997080E-3	2.884860E-6	-1.000330E-2	3.578660E-5	7.997600E+1	8.586900E+1	1.691004E+3
7.994100E+1	9.997210E-3	2.026560E-6	-1.000330E-2	4.246240E-5	7.990600E+1	8.574800E+1	1.695034E+3
7.987500E+1	9.997110E-3	8.344650E-6	-1.000340E-2	3.969670E-5	7.983600E+1	8.576900E+1	1.699004E+3
7.980500E+1	9.997150E-3	1.413820E-5	-1.000340E-2	6.282330E-5	7.977500E+1	8.596900E+1	1.703004E+3
7.974700E+1	9.997030E-3	2.989770E-5	-1.000330E-2	7.114410E-5	7.971900E+1	8.617300E+1	1.707005E+3
7.969500E+1	9.997120E-3	4.038810E-5	-1.000340E-2	8.449550E-5	7.967400E+1	8.657600E+1	1.711034E+3
7.965500E+1	9.997140E-3	6.031990E-5	-1.000330E-2	9.908680E-5	7.963900E+1	8.671500E+1	1.715004E+3
7.961900E+1	9.997130E-3	7.445810E-5	-1.000320E-2	1.159670E-4	7.960300E+1	8.667300E+1	1.719003E+3
7.958400E+1	9.997100E-3	9.171960E-5	-1.000350E-2	1.286980E-4	7.956500E+1	8.657900E+1	1.723005E+3
7.954400E+1	9.997060E-3	8.945470E-5	-1.000350E-2	1.220700E-4	7.953000E+1	8.651500E+1	1.727034E+3
7.950600E+1	9.997100E-3	7.493500E-5	-1.000350E-2	1.089810E-4	7.948900E+1	8.651300E+1	1.731017E+3
7.947000E+1	9.997200E-3	5.795960E-5	-1.000340E-2	1.193050E-4	7.945400E+1	8.650600E+1	1.735003E+3
7.943600E+1	9.997050E-3	2.002720E-5	-1.000350E-2	5.486010E-5	7.941400E+1	8.646800E+1	1.739005E+3
7.940100E+1	9.997100E-3	4.577640E-6	-1.000350E-2	4.200940E-5	7.938100E+1	8.645800E+1	1.743033E+3
7.936600E+1	9.997080E-3	1.454350E-6	-1.000350E-2	4.048350E-5	7.934800E+1	8.645300E+1	1.747005E+3
7.933300E+1	9.997220E-3	1.266000E-5	-1.000340E-2	5.483630E-5	7.931300E+1	8.642800E+1	1.751004E+3
7.929500E+1	9.997110E-3	3.271100E-5	-1.000340E-2	9.582040E-5	7.928200E+1	8.639800E+1	1.755004E+3
7.926500E+1	9.997080E-3	7.433890E-5	-1.000340E-2	1.148940E-4	7.924600E+1	8.635600E+1	1.759033E+3
7.923000E+1	9.997130E-3	5.536080E-5	-1.000350E-2	1.220700E-4	7.921200E+1	8.625800E+1	1.763005E+3
7.919700E+1	9.997030E-3	8.726120E-5	-1.000340E-2	1.259570E-4	7.917700E+1	8.615900E+1	1.767017E+3
7.916000E+1	9.997100E-3	8.685590E-5	-1.000340E-2	1.115080E-4	7.914000E+1	8.605500E+1	1.771003E+3
7.912300E+1	9.997220E-3	8.847710E-5	-1.000340E-2	1.245740E-4	7.910200E+1	8.597100E+1	1.775033E+3
7.908400E+1	9.997240E-3	8.583070E-7	-1.000330E-2	1.178740E-4	7.906100E+1	8.591200E+1	1.779003E+3
7.904000E+1	9.997170E-3	7.970330E-5	-1.000340E-2	1.139400E-4	7.902000E+1	8.588700E+1	1.783004E+3
7.900000E+1	9.997200E-3	7.300380E-5	-1.000340E-2	1.127000E-4	7.897800E+1	8.589900E+1	1.787005E+3
7.895900E+1	9.997060E-3	5.834100E-5	-1.000350E-2	9.195800E-5	7.894200E+1	8.605400E+1	1.791033E+3
7.892900E+1	9.997000E-3	4.236700E-5	-1.000360E-2	7.202630E-5	7.891500E+1	8.630900E+1	1.795005E+3
7.890500E+1	9.997040E-3	3.080370E-5	-1.000360E-2	5.955700E-5	7.889000E+1	8.655300E+1	1.799003E+3
7.888300E+1	9.996940E-3	1.578330E-5	-1.000350E-2	5.009170E-5	7.887300E+1	8.663500E+1	1.803018E+3
7.886500E+1	9.997070E-3	7.939340E-6	-1.000340E-2	4.420280E-5	7.885200E+1	8.659600E+1	1.807035E+3
7.884600E+1	9.997190E-3	-1.192090E-7	-1.000350E-2	3.881450E-5	7.883300E+1	8.650800E+1	1.811005E+3
7.882700E+1	9.997140E-3	2.074240E-6	-1.000340E-2	3.972050E-5	7.881400E+1	8.649300E+1	1.815004E+3
7.880700E+1	9.997070E-3	1.883510E-6	-1.000340E-2	3.964900E-5	7.880100E+1	8.645900E+1	1.819005E+3
7.878800E+1	9.997330E-3	2.670290E-6	-1.000330E-2	3.836160E-5	7.878100E+1	8.644200E+1	1.823034E+3
7.877100E+1	9.997090E-3	1.597400E-6	-1.000340E-2	3.857610E-5	7.876100E+1	8.642300E+1	1.827006E+3
7.875200E+1	9.997190E-3	-1.215930E-6	-1.000340E-2	4.141330E-5	7.874600E+1	8.643600E+1	1.831004E+3
7.873400E+1	9.997090E-3	2.181530E-5	-1.000340E-2	3.657340E-5	7.872900E+1	8.639400E+1	1.835005E+3
7.871800E+1	9.997070E-3	1.454350E-6	-1.000340E-2	3.807540E-5	7.870500E+1	8.632500E+1	1.839033E+3
7.869900E+1	9.997250E-3	-5.722050E-7	-1.000350E-2	4.224780E-5	7.868600E+1	8.623000E+1	1.843004E+3
7.867700E+1	9.997170E-3	1.788140E-6	-1.000340E-2	3.905300E-5	7.866300E+1	8.613400E+1	1.847005E+3
7.865800E+1	9.997090E-3	7.462500E-6	-1.000350E-2	4.620550E-5	7.864100E+1	8.604400E+1	1.851003E+3
7.863300E+1	9.997240E-3	1.387600E-5	-1.000340E-2	4.832740E-5	7.861600E+1	8.596200E+1	1.855034E+3
7.859900E+1	9.997240E-3	1.056190E-5	-1.000340E-2	5.142690E-5	7.858600E+1	8.590700E+1	1.859005E+3
7.857900E+1	9.997130E-3	2.148150E-5	-1.000330E-2	5.767350E-5	7.856400E+1	8.590500E+1	1.863005E+3
7.854900E+1	9.997180E-3	1.242160E-5	-1.000330E-2	4.785060E-5	7.853800E+1	8.598300E+1	1.867005E+3
7.852700E+1	9.997280E-3	3.814700E-7	-1.000330E-2	4.231930E-5	7.852300E+1	8.622000E+1	1.871034E+3
7.851500E+1	9.997160E-3	1.215930E-6	-1.000340E-2	4.124640E-5	7.851300E+1	8.646100E+1	1.875018E+3
7.850500E+1	9.997130E-3	-3.337860E-7	-1.000340E-2	5.385880E-5	7.850300E+1	8.657000E+1	1.879005E+3
