Tbefore	        I+	        V+	        I-	        V-	        Tafter	        Tbase	        Time
7.784200E+1	9.997020E-3	1.735690E-5	-1.000340E-2	9.279250E-5	7.786600E+1	8.656900E+1	1.600000E+1
7.779200E+1	9.997090E-3	9.155270E-6	-1.000330E-2	8.478160E-5	7.780100E+1	8.653700E+1	1.896400E+1
7.778400E+1	9.997080E-3	6.699560E-6	-1.000330E-2	8.523460E-5	7.780600E+1	8.653000E+1	2.096100E+1
7.783800E+1	9.997020E-3	6.723400E-6	-1.000340E-2	8.220670E-5	7.802700E+1	8.666900E+1	2.296600E+1
7.824000E+1	9.997060E-3	-1.001360E-6	-1.000340E-2	7.901190E-5	7.845500E+1	8.706700E+1	2.496200E+1
7.855900E+1	9.997000E-3	4.291530E-6	-1.000340E-2	8.165840E-5	7.858100E+1	8.725900E+1	2.696200E+1
7.858300E+1	9.997030E-3	4.601480E-6	-1.000330E-2	8.182530E-5	7.858100E+1	8.727200E+1	2.896400E+1
7.858600E+1	9.997040E-3	2.408030E-6	-1.000330E-2	8.177760E-5	7.858200E+1	8.727600E+1	3.099500E+1
7.867500E+1	9.997040E-3	2.479550E-6	-1.000340E-2	4.196170E-5	7.952700E+1	8.810300E+1	3.392100E+1
8.058500E+1	9.997090E-3	1.153950E-5	-1.000340E-2	4.968640E-5	8.150100E+1	8.871500E+1	3.792200E+1
8.230800E+1	9.997030E-3	4.243850E-6	-1.000340E-2	4.210470E-5	8.310100E+1	8.932800E+1	4.192100E+1
8.380700E+1	9.997070E-3	4.506110E-6	-1.000340E-2	3.836160E-5	8.453400E+1	8.981100E+1	4.592700E+1
8.519700E+1	9.997030E-3	1.072880E-6	-1.000360E-2	3.967290E-5	8.587500E+1	9.023800E+1	4.992200E+1
8.649600E+1	9.997130E-3	9.965900E-6	-1.000340E-2	3.829000E-5	8.713600E+1	9.068900E+1	5.392200E+1
8.772400E+1	9.997130E-3	-3.600120E-6	-1.000350E-2	3.609660E-5	8.833000E+1	9.118600E+1	5.792100E+1
8.889100E+1	9.997140E-3	-4.482270E-6	-1.000350E-2	3.311630E-5	8.946700E+1	9.170100E+1	6.192100E+1
9.000800E+1	9.997120E-3	-1.525880E-6	-1.000360E-2	3.361700E-5	9.056300E+1	9.221800E+1	6.592100E+1
9.108300E+1	9.997030E-3	-5.316730E-6	-1.000350E-2	3.268720E-5	9.162500E+1	9.273300E+1	6.992100E+1
9.212800E+1	9.997030E-3	1.502040E-6	-1.000350E-2	3.638270E-5	9.265700E+1	9.325100E+1	7.392200E+1
9.314700E+1	9.997080E-3	2.064700E-5	-1.000350E-2	5.710120E-5	9.366400E+1	9.376900E+1	7.792100E+1
9.413700E+1	9.997080E-3	4.267690E-5	-1.000360E-2	7.815360E-5	9.463600E+1	9.428900E+1	8.192800E+1
9.510600E+1	9.997040E-3	6.194120E-5	-1.000360E-2	8.740430E-5	9.558800E+1	9.482100E+1	8.592100E+1
9.604000E+1	9.997000E-3	7.040500E-5	-1.000350E-2	8.699890E-5	9.651700E+1	9.536400E+1	8.992100E+1
9.696400E+1	9.996940E-3	9.982590E-5	-1.000350E-2	7.081030E-5	9.743200E+1	9.579700E+1	9.392200E+1
9.786600E+1	9.997000E-3	1.171350E-4	-1.000350E-2	5.905630E-5	9.832300E+1	9.614400E+1	9.792200E+1
9.875200E+1	9.997070E-3	1.201630E-4	-1.000340E-2	5.962850E-5	9.920000E+1	9.642200E+1	1.019220E+2
9.961800E+1	9.996950E-3	1.194950E-4	-1.000350E-2	5.507470E-5	1.000560E+2	9.662400E+1	1.059220E+2
1.004670E+2	9.997050E-3	1.222610E-4	-1.000350E-2	5.710120E-5	1.008950E+2	9.684500E+1	1.099210E+2
1.012970E+2	9.997040E-3	1.256230E-4	-1.000340E-2	5.018710E-5	1.017210E+2	9.706200E+1	1.139210E+2
1.021130E+2	9.997030E-3	1.199720E-4	-1.000350E-2	4.334450E-5	1.025290E+2	9.730800E+1	1.179270E+2
1.029120E+2	9.997010E-3	1.152280E-4	-1.000330E-2	3.924370E-5	1.033180E+2	9.752300E+1	1.219210E+2
1.036970E+2	9.997030E-3	1.123430E-4	-1.000350E-2	4.012580E-5	1.040970E+2	9.774100E+1	1.259220E+2
1.044640E+2	9.997020E-3	1.240250E-4	-1.000340E-2	4.394050E-5	1.048530E+2	9.794500E+1	1.299220E+2
1.052200E+2	9.997070E-3	1.266240E-4	-1.000360E-2	4.339220E-5	1.055970E+2	9.815500E+1	1.339220E+2
1.059530E+2	9.996930E-3	1.219750E-4	-1.000350E-2	4.498960E-5	1.063270E+2	9.838500E+1	1.379210E+2
1.066720E+2	9.997030E-3	1.231190E-4	-1.000350E-2	4.115100E-5	1.070390E+2	9.859100E+1	1.419210E+2
1.073800E+2	9.997030E-3	1.137020E-4	-1.000350E-2	3.173350E-5	1.077390E+2	9.880300E+1	1.459220E+2
1.080740E+2	9.997130E-3	1.111510E-4	-1.000340E-2	2.810960E-5	1.084240E+2	9.900400E+1	1.499200E+2
1.087560E+2	9.996930E-3	1.083850E-4	-1.000340E-2	2.520080E-5	1.090970E+2	9.919200E+1	1.539280E+2
1.094210E+2	9.996970E-3	1.039740E-4	-1.000340E-2	2.322200E-5	1.097560E+2	9.933700E+1	1.579220E+2
1.100670E+2	9.997050E-3	1.043560E-4	-1.000330E-2	4.434590E-6	1.103950E+2	9.948000E+1	1.619210E+2
1.107030E+2	9.997030E-3	8.587840E-5	-1.000350E-2	-4.291530E-7	1.110250E+2	9.963000E+1	1.659220E+2
1.113240E+2	9.997110E-3	7.865430E-5	-1.000350E-2	-1.106260E-5	1.116400E+2	9.977800E+1	1.699220E+2
1.119360E+2	9.997070E-3	7.169250E-5	-1.000360E-2	-1.943110E-5	1.122430E+2	9.993200E+1	1.739220E+2
1.125280E+2	9.997080E-3	6.365780E-5	-1.000360E-2	-2.532010E-5	1.128310E+2	1.000730E+2	1.779210E+2
1.131160E+2	9.997130E-3	5.426410E-5	-1.000350E-2	-3.759860E-5	1.134110E+2	1.002320E+2	1.819220E+2
1.136890E+2	9.997070E-3	5.035400E-5	-1.000360E-2	-3.540520E-5	1.139800E+2	1.003990E+2	1.859220E+2
1.142490E+2	9.997000E-3	5.061630E-5	-1.000360E-2	-3.886220E-5	1.145350E+2	1.005750E+2	1.899290E+2
1.148080E+2	9.996930E-3	5.109310E-5	-1.000360E-2	-3.631120E-5	1.150870E+2	1.007710E+2	1.939210E+2
1.153490E+2	9.996980E-3	4.923340E-5	-1.000360E-2	-3.821850E-5	1.156210E+2	1.009780E+2	1.979220E+2
1.158840E+2	9.997020E-3	4.642010E-5	-1.000350E-2	-4.265310E-5	1.161510E+2	1.011900E+2	2.019210E+2
1.164040E+2	9.997080E-3	4.820820E-5	-1.000360E-2	-4.067420E-5	1.166690E+2	1.014160E+2	2.059210E+2
1.169180E+2	9.997050E-3	5.433560E-5	-1.000350E-2	-3.688340E-5	1.171800E+2	1.016350E+2	2.099220E+2
1.174230E+2	9.997090E-3	6.458760E-5	-1.000350E-2	-3.159050E-5	1.176820E+2	1.018610E+2	2.139220E+2
1.179270E+2	9.996910E-3	8.456710E-5	-1.000350E-2	-3.409390E-6	1.181770E+2	1.021190E+2	2.179200E+2
1.184190E+2	9.997040E-3	8.940700E-5	-1.000340E-2	-7.605550E-6	1.186750E+2	1.024090E+2	2.219210E+2
1.189080E+2	9.996950E-3	9.651180E-5	-1.000350E-2	-1.978870E-6	1.191520E+2	1.026580E+2	2.259270E+2
1.193870E+2	9.997000E-3	9.160040E-5	-1.000340E-2	-2.551080E-6	1.196280E+2	1.029190E+2	2.299210E+2
1.198580E+2	9.996950E-3	1.011610E-4	-1.000350E-2	5.412100E-6	1.200970E+2	1.031760E+2	2.339210E+2
1.203250E+2	9.997000E-3	1.005410E-4	-1.000350E-2	7.224080E-6	1.205580E+2	1.034430E+2	2.379220E+2
1.207830E+2	9.997080E-3	1.069310E-4	-1.000350E-2	1.137260E-5	1.210230E+2	1.037200E+2	2.419220E+2
1.212430E+2	9.997070E-3	1.178260E-4	-1.000350E-2	1.842980E-5	1.214760E+2	1.040430E+2	2.459210E+2
1.216940E+2	9.997070E-3	1.154180E-4	-1.000350E-2	1.535420E-5	1.219250E+2	1.043230E+2	2.499210E+2
1.221410E+2	9.997020E-3	1.131060E-4	-1.000350E-2	9.894370E-6	1.223720E+2	1.046520E+2	2.539210E+2
1.225890E+2	9.997010E-3	1.059770E-4	-1.000360E-2	4.625320E-6	1.228110E+2	1.049980E+2	2.579220E+2
1.230220E+2	9.997130E-3	9.877680E-5	-1.000350E-2	-4.196170E-6	1.232500E+2	1.053590E+2	2.619280E+2
1.234580E+2	9.997260E-3	7.891650E-5	-1.000350E-2	-2.644060E-5	1.236870E+2	1.057680E+2	2.659220E+2
1.238950E+2	9.997180E-3	5.381110E-5	-1.000360E-2	-4.742150E-5	1.241160E+2	1.061950E+2	2.699220E+2
1.243270E+2	9.997080E-3	4.878040E-5	-1.000370E-2	-4.866120E-5	1.245450E+2	1.066080E+2	2.739220E+2
1.247550E+2	9.997210E-3	5.273820E-5	-1.000360E-2	-4.508500E-5	1.249730E+2	1.070140E+2	2.779220E+2
1.251790E+2	9.997130E-3	6.062980E-5	-1.000370E-2	-3.750320E-5	1.253980E+2	1.074690E+2	2.819210E+2
1.256050E+2	9.997080E-3	7.634160E-5	-1.000370E-2	-1.363750E-5	1.258190E+2	1.079410E+2	2.859210E+2
1.260290E+2	9.997280E-3	9.272100E-5	-1.000350E-2	-4.267690E-6	1.262440E+2	1.084220E+2	2.899210E+2
1.264480E+2	9.997170E-3	1.044270E-4	-1.000340E-2	5.078320E-6	1.266620E+2	1.089010E+2	2.939210E+2
1.268680E+2	9.997080E-3	1.106020E-4	-1.000350E-2	9.942050E-6	1.270860E+2	1.093810E+2	2.979270E+2
1.272850E+2	9.997160E-3	1.170400E-4	-1.000350E-2	6.675720E-6	1.275000E+2	1.098570E+2	3.019220E+2
1.277060E+2	9.997150E-3	1.042370E-4	-1.000340E-2	-5.435940E-6	1.279210E+2	1.103380E+2	3.059210E+2
1.281270E+2	9.997210E-3	8.249280E-5	-1.000350E-2	-2.565380E-5	1.283370E+2	1.108220E+2	3.099220E+2
1.285400E+2	9.997100E-3	6.811620E-5	-1.000360E-2	-3.695490E-5	1.287530E+2	1.113030E+2	3.139220E+2
1.289570E+2	9.997180E-3	6.415840E-5	-1.000360E-2	-4.141330E-5	1.291720E+2	1.117940E+2	3.179210E+2
1.293730E+2	9.997110E-3	5.252360E-5	-1.000350E-2	-5.311970E-5	1.295910E+2	1.122870E+2	3.219210E+2
1.297930E+2	9.997070E-3	5.393030E-5	-1.000350E-2	-5.152230E-5	1.300110E+2	1.127890E+2	3.259220E+2
1.302120E+2	9.997100E-3	5.455020E-5	-1.000340E-2	-5.466940E-5	1.304240E+2	1.132930E+2	3.299220E+2
1.306300E+2	9.997060E-3	5.962850E-5	-1.000330E-2	-4.606250E-5	1.308440E+2	1.137970E+2	3.339290E+2
1.310460E+2	9.997260E-3	7.567410E-5	-1.000360E-2	-2.443790E-5	1.312650E+2	1.143050E+2	3.379220E+2
1.314650E+2	9.997260E-3	9.763240E-5	-1.000350E-2	-5.054470E-6	1.316810E+2	1.148220E+2	3.419210E+2
1.318860E+2	9.997280E-3	1.084800E-4	-1.000350E-2	8.153920E-6	1.321020E+2	1.153440E+2	3.459220E+2
1.323030E+2	9.997170E-3	1.194240E-4	-1.000350E-2	1.571180E-5	1.325150E+2	1.158730E+2	3.499220E+2
1.327230E+2	9.997100E-3	1.215700E-4	-1.000350E-2	1.142030E-5	1.329370E+2	1.163980E+2	3.539220E+2
1.331450E+2	9.997120E-3	1.190900E-4	-1.000350E-2	1.087190E-5	1.333600E+2	1.169320E+2	3.579210E+2
1.335620E+2	9.997190E-3	1.227860E-4	-1.000340E-2	1.571180E-5	1.337810E+2	1.174690E+2	3.619210E+2
1.339810E+2	9.997180E-3	1.191380E-4	-1.000350E-2	1.401900E-5	1.342010E+2	1.180220E+2	3.659210E+2
1.344060E+2	9.997120E-3	1.219990E-4	-1.000360E-2	1.218320E-5	1.346170E+2	1.185890E+2	3.699290E+2
1.348240E+2	9.997040E-3	1.146790E-4	-1.000360E-2	3.814700E-7	1.350390E+2	1.191600E+2	3.739220E+2
1.352450E+2	9.997140E-3	1.049280E-4	-1.000350E-2	-5.555150E-6	1.354590E+2	1.197350E+2	3.779210E+2
1.356680E+2	9.997020E-3	1.057860E-4	-1.000360E-2	-6.484990E-6	1.358830E+2	1.203110E+2	3.819210E+2
1.360880E+2	9.997220E-3	1.055480E-4	-1.000350E-2	-6.461140E-6	1.363060E+2	1.208780E+2	3.859210E+2
1.365100E+2	9.997100E-3	9.195800E-5	-1.000350E-2	-1.771450E-5	1.367330E+2	1.214470E+2	3.899210E+2
1.369340E+2	9.997170E-3	8.707050E-5	-1.000350E-2	-2.121930E-5	1.371570E+2	1.220210E+2	3.939220E+2
1.373610E+2	9.997150E-3	9.119510E-5	-1.000360E-2	-2.398490E-5	1.375830E+2	1.225890E+2	3.979220E+2
1.377860E+2	9.997170E-3	9.324550E-5	-1.000340E-2	-2.009870E-5	1.380070E+2	1.231820E+2	4.019220E+2
1.382180E+2	9.997050E-3	9.253030E-5	-1.000340E-2	-2.133850E-5	1.384370E+2	1.237650E+2	4.059280E+2
1.386450E+2	9.997150E-3	8.115770E-5	-1.000350E-2	-3.209110E-5	1.388660E+2	1.243730E+2	4.099210E+2
1.390760E+2	9.997180E-3	8.463860E-5	-1.000350E-2	-2.834800E-5	1.392950E+2	1.249840E+2	4.139220E+2
1.395060E+2	9.997250E-3	7.951260E-5	-1.000350E-2	-3.306870E-5	1.397280E+2	1.255890E+2	4.179210E+2
1.399410E+2	9.997200E-3	7.932190E-5	-1.000340E-2	-3.657340E-5	1.401600E+2	1.261790E+2	4.219220E+2
1.403690E+2	9.997230E-3	7.176400E-5	-1.000350E-2	-4.374980E-5	1.405940E+2	1.267710E+2	4.259220E+2
1.408050E+2	9.997220E-3	6.845000E-5	-1.000350E-2	-4.587170E-5	1.410330E+2	1.273570E+2	4.299210E+2
1.412410E+2	9.997150E-3	6.563660E-5	-1.000350E-2	-4.887580E-5	1.414670E+2	1.279570E+2	4.339210E+2
1.416780E+2	9.997180E-3	6.880760E-5	-1.000350E-2	-4.830360E-5	1.419040E+2	1.285590E+2	4.379220E+2
1.421170E+2	9.997060E-3	7.047650E-5	-1.000350E-2	-3.075600E-5	1.423430E+2	1.291600E+2	4.419290E+2
1.425550E+2	9.997140E-3	9.136200E-5	-1.000350E-2	-1.690390E-5	1.427820E+2	1.297600E+2	4.459220E+2
1.429940E+2	9.997100E-3	1.076700E-4	-1.000350E-2	-4.625320E-6	1.432200E+2	1.303610E+2	4.499210E+2
1.434350E+2	9.997140E-3	1.155850E-4	-1.000340E-2	2.622600E-7	1.436600E+2	1.309530E+2	4.539220E+2
1.438780E+2	9.997020E-3	1.205210E-4	-1.000360E-2	3.838540E-6	1.441040E+2	1.315570E+2	4.579210E+2
1.443220E+2	9.997120E-3	1.240020E-4	-1.000350E-2	7.891660E-6	1.445460E+2	1.321610E+2	4.619210E+2
1.447630E+2	9.997010E-3	1.277450E-4	-1.000350E-2	5.960460E-6	1.449950E+2	1.327590E+2	4.659220E+2
1.452090E+2	9.997060E-3	1.238350E-4	-1.000340E-2	5.006790E-6	1.454360E+2	1.333570E+2	4.699210E+2
1.456550E+2	9.997100E-3	1.177310E-4	-1.000350E-2	-2.312660E-6	1.458810E+2	1.339510E+2	4.739220E+2
1.460980E+2	9.997070E-3	1.045940E-4	-1.000340E-2	-2.160070E-5	1.463300E+2	1.345230E+2	4.779290E+2
1.465460E+2	9.997200E-3	8.895400E-5	-1.000350E-2	-3.035070E-5	1.467800E+2	1.351130E+2	4.819210E+2
1.469970E+2	9.997120E-3	8.790490E-5	-1.000360E-2	-3.411770E-5	1.472280E+2	1.356900E+2	4.859220E+2
1.474430E+2	9.997090E-3	8.094310E-5	-1.000350E-2	-4.127030E-5	1.476750E+2	1.362760E+2	4.899220E+2
1.478870E+2	9.997140E-3	7.259850E-5	-1.000340E-2	-5.238060E-5	1.481240E+2	1.368570E+2	4.939210E+2
1.483410E+2	9.997140E-3	6.933210E-5	-1.000340E-2	-5.376340E-5	1.485720E+2	1.374190E+2	4.979220E+2
1.487920E+2	9.997210E-3	7.169250E-5	-1.000350E-2	-5.068780E-5	1.490220E+2	1.379700E+2	5.019210E+2
1.492400E+2	9.997190E-3	6.790160E-5	-1.000340E-2	-5.359650E-5	1.494710E+2	1.385170E+2	5.059210E+2
1.496890E+2	9.997160E-3	7.238390E-5	-1.000350E-2	-5.147460E-5	1.499270E+2	1.390710E+2	5.099210E+2
1.501420E+2	9.997140E-3	7.700920E-5	-1.000330E-2	-4.286770E-5	1.503750E+2	1.396380E+2	5.139300E+2
1.505890E+2	9.997170E-3	8.738040E-5	-1.000350E-2	-3.294940E-5	1.508270E+2	1.401900E+2	5.179210E+2
1.508980E+2	9.997060E-3	9.505750E-5	-1.000350E-2	-2.083780E-5	1.510520E+2	1.407370E+2	5.219210E+2
1.508660E+2	9.997100E-3	1.130580E-4	-1.000330E-2	-2.384190E-6	1.511670E+2	1.412860E+2	5.259210E+2
1.513020E+2	9.997200E-3	1.274590E-4	-1.000340E-2	1.001360E-6	1.511050E+2	1.418370E+2	5.299220E+2
1.514680E+2	9.997180E-3	1.228810E-4	-1.000340E-2	9.059910E-7	1.515390E+2	1.423850E+2	5.339220E+2
1.513660E+2	9.997240E-3	1.188040E-4	-1.000350E-2	-5.984310E-6	1.516820E+2	1.429360E+2	5.379220E+2
1.518520E+2	9.997200E-3	1.149890E-4	-1.000340E-2	-1.735690E-5	1.518520E+2	1.434790E+2	5.419210E+2
1.517420E+2	9.997150E-3	1.014230E-4	-1.000340E-2	-2.603530E-5	1.518090E+2	1.440150E+2	5.459210E+2
1.521420E+2	9.997120E-3	8.399490E-5	-1.000340E-2	-4.737380E-5	1.521820E+2	1.445480E+2	5.499290E+2
1.520210E+2	9.997130E-3	8.034710E-5	-1.000340E-2	-4.317760E-5	1.519830E+2	1.450660E+2	5.539220E+2
1.523120E+2	9.997110E-3	8.854870E-5	-1.000350E-2	-3.612040E-5	1.523630E+2	1.455840E+2	5.579220E+2
1.520510E+2	9.997160E-3	1.039270E-4	-1.000350E-2	-1.730920E-5	1.522650E+2	1.461060E+2	5.619220E+2
1.524990E+2	9.997140E-3	1.218320E-4	-1.000350E-2	7.867810E-7	1.522620E+2	1.466260E+2	5.659220E+2
